3 296 230 265
3 108 32 98
3 167 128 78
4 168 174 139 2
3 87 222 106
3 275 102 31
3 216 204 141
3 54 185 155
3 34 29 250
3 164 14 59
3 249 82 43
3 184 202 71
3 88 64 192
3 116 28 292
3 75 244 51
4 72 63 235 257
3 99 96 196
3 180 217 152
3 80 239 67
3 8 295 215
3 85 40 242
4 41 214 45 130
3 294 207 55
3 134 26 238
3 162 86 288
3 159 236 145
3 110 146 182
3 212 271 176
4 103 157 119 143
3 286 172 266
3 4 122 104
3 246 11 251
3 203 27 280
3 24 209 297
3 62 191 120
3 210 254 12
3 161 89 186
3 148 3 30
3 259 170 279
3 0 241 223
3 13 160 240
3 299 111 256
3 260 109 17
3 276 298 272
3 95 23 135
3 133 268 66
3 127 50 154
3 137 177 1
3 15 6 94
3 290 140 84
3 227 258 233
3 273 163 229
3 193 243 47
3 150 76 189
3 7 158 100
3 218 114 46
3 225 195 69
3 105 121 115
3 18 42 270
3 144 117 228
3 171 101 178
3 220 61 206
3 74 190 49
3 58 197 194
3 136 253 126
3 125 90 278
3 107 147 262
3 261 283 153
3 200 237 123
3 60 83 77
3 56 269 208
3 263 70 169
3 57 287 165
2 213 205
3 38 131 247
3 187 22 231
3 44 5 175
3 198 118 132
3 285 25 52
3 19 201 173
3 79 10 97
3 21 124 149
3 156 81 274
3 129 73 293
3 92 68 252
3 267 93 9
3 245 248 142
3 188 291 151
2 39 16
2 53 219
3 166 138 183
2 224 255
3 226 48 37
2 277 35
3 232 199 211
2 113 112
2 281 20
2 282 289
2 91 181
2 284 264
