7 6689 1332 7319 4153 6503 2660 5334
28 2519 4877 965 3739 2787 9158 2260 4278 8401 1820 6120 1197 2272 1736 9366 6286 2894 4548 9063 1654 2494 2628 8216 2450 1064 327 8884 6111
14 9313 3005 5189 9487 5477 7337 9546 7239 2693 2621 1590 5167 1622 2528
21 5018 7810 2742 199 8772 1910 9497 2790 8644 7103 130 9143 3163 8883 9943 5339 6180 1615 5488 9428 2620
13 4525 1883 3424 3830 2338 2981 7516 7045 5386 3691 5364 1027 3028
24 2735 2324 1489 9805 4088 2041 832 5724 9964 4857 6907 688 964 3756 9653 6142 7157 7023 5570 8389 7356 1306 4424 1558
28 1209 5218 661 3512 4656 3636 9033 4034 294 6677 4074 83 6772 6846 9863 5032 2294 4694 8129 8944 1786 4459 1877 8676 3020 1356 7133 1009
22 4679 3119 5043 1864 3829 9192 5247 1842 4135 2350 8972 2860 7345 3063 4542 1080 31 447 7824 6507 4319 1055
18 3090 2603 4170 6255 4782 1835 4966 1862 5014 1912 4117 4892 6963 8775 4547 4997 754 4646
20 7109 7097 4029 7043 7729 3394 7197 4654 490 8646 1603 9547 8471 3198 6014 1156 6355 4231 6322 5296
16 6466 9733 3067 5541 7226 5428 1352 4256 886 6579 6727 8014 5380 6495 7363 5478
30 519 5027 3029 1527 7870 9042 572 9242 7988 2343 1198 6824 8749 3299 8649 3142 3399 1743 2295 743 9883 1400 347 3716 5328 9301 2583 5718 9281 4268
21 549 2641 368 6378 126 1277 1164 2965 4187 5585 7155 5389 7786 8756 8985 1899 5812 197 4416 6152 2508
29 606 7064 1852 5017 1792 3370 645 6132 369 3155 777 5041 894 8721 4198 7402 2757 3769 4631 6568 1063 5918 9903 4510 6358 3184 3819 3284 5055
11 2465 6654 2230 7580 7172 6446 8546 2288 6687 6241 465
16 5934 666 7534 6915 5527 9994 6920 6386 1598 8360 9218 441 1611 9295 8256 4321
30 4839 3245 9274 6836 7085 1627 3721 9684 1098 5031 8494 1774 2498 2670 1075 909 9181 9363 5355 1990 5546 4817 9689 4545 4570 2170 4445 4393 2196 6
18 88 2296 7585 533 8796 4659 5366 2128 9632 52 7221 2241 6515 8891 6624 7586 4156 5682
13 6663 9046 3430 5686 7464 1322 5215 4950 4275 5946 7751 7390 6288
26 6031 6128 4035 1355 1745 1331 4858 1364 2048 2935 5608 3072 6974 9788 673 5936 9119 5128 1478 4697 5923 5057 2307 6770 2203 142
26 5970 4873 2293 2649 7193 141 2979 711 4638 9881 3851 9328 4470 5134 6353 8525 4096 478 4182 2678 4563 6991 5294 8424 2449 4040
26 1776 6849 9845 2967 4806 9610 7477 629 3062 5099 5709 1871 249 6505 4974 5611 5741 8335 2378 3189 2588 148 5531 6768 6348 1923
7 7957 3579 4184 9297 7444 9708 9723
29 5335 3049 892 8835 290 8575 8609 8665 5160 2842 5001 7542 5582 1328 6326 2084 6774 9079 3387 1249 988 5152 4010 7681 2219 6817 7719 3702 8308
9 423 6794 5049 69 4376 4101 3082 2663 2053
26 5324 5227 8447 3083 3058 2754 907 3434 8373 2264 3210 9237 5073 5558 974 2047 5326 7328 404 858 653 2251 6291 2929 9567 6479
14 8175 3708 7924 7414 8547 6565 1538 8778 551 4122 8561 8139 6514 7601
26 4758 2424 5710 326 4629 380 6081 5221 6838 2737 4543 4608 3438 9725 9331 8417 2328 4684 2895 3954 7481 6499 9648 9781 2253 3617
22 6252 1186 6657 1309 2393 3710 1612 2713 5042 6167 5462 8473 8986 2871 2308 8893 6300 5988 7 56 5964 1150
19 1560 1406 9602 1904 8791 2464 4593 6589 9265 2505 5033 342 3007 3672 866 1061 7519 6158 6170
30 1273 1492 1142 5957 1460 9118 5124 1779 1348 1639 4828 7865 9408 2931 4487 3498 4970 4565 8200 6947 2071 9178 5130 5266 966 3520 5591 7215 7731 181
11 7499 5971 6155 3411 830 8071 5889 8879 8106 7906 3883
21 1066 1447 499 9754 5908 7886 217 1965 6510 2789 9093 8206 3033 1103 1258 3094 7297 8226 1677 7577 5665
10 3580 3990 1208 8344 4942 7782 6935 2855 363 8994
6 2432 7455 4200 9631 2573 4476
29 1867 9935 4833 1640 665 4137 7847 91 6374 9900 5009 9101 1643 4224 6211 8097 4460 9780 6530 9664 9076 4757 944 2985 1044 1579 7154 2659 9916
29 3817 7711 2957 1260 5234 8445 9171 2857 7569 2972 9208 2366 6680 6042 6779 2996 7072 1926 2405 1713 7089 9891 5927 7722 5342 8311 7623 3064 1038
13 7965 19 8774 9926 1723 3433 5437 3859 5302 6864 484 4518 2758
14 7070 8932 6304 2399 5892 5783 6705 7203 6484 8968 4337 1939 3172 1304
5 8890 6793 7699 3521 6090
16 4742 4056 9768 364 7291 6572 750 7910 5518 3214 3298 1823 4277 8690 1052 3346
7 672 2589 5480 788 6311 18 437
22 8773 5815 680 9337 3331 841 4217 4076 6990 6229 1174 2489 5961 4474 8802 8602 8398 8541 2421 7011 5029 8350
25 1178 1245 772 4213 4871 4792 9611 6699 6085 4685 9384 7330 3982 4254 8472 9732 3995 236 7983 5413 9494 2625 4911 6302 757
15 6822 2738 6168 5090 8747 9477 7684 1706 4380 4808 4265 4841 1497 1837 6665
19 4309 1838 9495 5777 1386 3537 6643 177 2602 9388 3507 5317 516 9533 8975 7447 4095 2699 9914
13 719 5377 5310 4300 4800 5579 4085 2309 1051 282 5778 5019 5071
16 5235 477 4575 9144 6069 9345 475 5853 9570 6946 4113 8743 3173 2244 3078 7909
22 6277 696 874 3717 2639 4914 8176 9604 6013 2156 3843 7987 9240 4584 4660 6025 3979 2462 3908 3881 5893 5067
26 2920 3655 1588 1240 7579 4541 2377 1620 1016 7205 2137 3231 8656 5904 9877 9902 198 8886 3996 6084 9660 9189 4702 9257 5661 5586
5 4094 1194 4011 9848 6960
28 3629 8557 5006 284 3026 3038 2482 7856 7315 2477 39 776 4038 3045 2960 6543 9403 1737 3353 2199 3449 6555 6899 2847 4197 4049 3857 9176
33 9409 6139 3024 47 5779 1845 8030 9458 4819 2977 8692 9444 7734 793 6542 6776 5524 6091 4765 9352 4271 4402 8455 1957 7639 570 2914 3128 4927 8255 705 7393 8147
18 3055 1773 1995 951 8187 529 494 9222 7532 4046 929 6056 7615 8814 1145 322 2943 492
25 9679 7687 6741 8915 1963 2409 6078 3418 7513 7498 2191 6830 1501 8779 8738 1856 5595 2162 1486 4530 1599 9339 5685 4695 4140
26 2720 8783 1674 4863 3022 66 4713 7558 2989 865 9741 6253 9368 26 556 4165 4822 7892 7439 3248 2925 1577 5131 360 8726 7881
21 187 3527 3865 4048 1123 8963 2268 8917 8576 4001 1621 2102 3852 3713 664 7559 1882 7427 371 2411 3380
28 8477 3276 6455 6360 5240 1430 9897 6156 2906 9724 3466 4651 6810 3489 7331 6174 7608 1853 905 158 9500 8927 4230 480 637 9336 3591 4779
9 5497 8029 4194 975 1777 5371 8478 3365 5059
30 1757 817 7927 3875 3966 6119 6133 5962 967 1464 1638 6728 6629 1073 2785 42 8231 748 7299 4229 2331 9932 5916 9793 9369 2623 5407 5162 3589 2225
19 9752 658 6239 6029 3594 8191 8695 4477 3901 4838 5127 5022 7696 3998 9169 6700 7756 8808 3204
32 1097 1228 9320 1223 6058 8831 6580 1968 461 6593 524 2281 9022 2139 8811 5353 6683 997 9946 5810 4023 5575 9108 4577 1112 4707 2815 562 7996 7219 2130 590
14 8292 3651 9965 839 4411 3635 4837 2816 5776 756 1120 2286 9990 710
26 3607 6404 8203 9633 497 908 9624 5101 7149 8903 1435 7749 7175 7925 5577 4118 6720 8537 7976 2046 4315 2683 8100 9977 9770 170
18 677 8965 3536 8068 7419 5733 8905 8914 7124 3545 6105 5897 7905 6177 5749 630 3014 6212
21 6670 9649 3362 3292 4237 2325 6483 77 5271 3684 3061 5912 3240 8050 4509 7997 7568 2940 5874 5270 2888
30 6381 7398 5089 9815 7884 5375 3669 5782 1117 2229 3772 4533 733 6857 4188 6469 8817 9170 6385 3355 2617 5015 1858 3001 5643 5333 535 1931 2606 1403
24 7657 7020 1010 6413 6356 8236 9923 8228 2640 189 285 7898 5016 4340 5705 264 8215 8234 8666 4901 1653 8211 5857 9329
25 7475 9820 3891 7373 3270 7994 2044 3524 8996 2439 9358 9542 5640 4809 7132 3526 9907 5085 3183 4030 4753 3533 8138 8526 8870
16 4601 3546 6068 8254 3116 6251 3646 4834 2043 3476 4329 8623 4729 5202 7899 8054
18 9003 2297 9579 4898 9448 1289 2889 8393 8223 9250 131 669 3523 9775 263 8375 5077 3032
27 563 3338 7762 5995 7305 536 3121 4264 5767 8841 1905 6083 8347 6612 1124 6854 9413 4367 9622 8919 7480 8195 593 7964 4883 7496 8178
23 5440 1170 7428 2904 6634 6538 8876 2187 374 5835 7843 5514 2314 6610 3837 60 7611 5745 3920 9937 5865 2276 7441
29 5860 7186 9412 435 2577 6244 7387 934 5603 8446 4564 3924 4711 991 9718 1203 4571 4201 9762 7185 2792 3131 642 4129 9294 9088 3687 9461 7410
10 9514 8227 1582 192 4161 4079 6955 4041 1699 8120
17 8708 8630 8979 4154 3680 7284 2088 160 9807 1285 204 5781 3304 8622 8371 5408 8674
8 2015 4666 6825 5382 2315 1844 446 6721
19 4078 4208 2681 5120 8192 1623 4462 3423 5111 4466 7978 9746 246 9467 2521 3238 6993 5735 8535
27 8758 4867 1500 6739 992 921 2673 9075 7078 352 3135 6298 9899 9122 3448 3074 1928 4401 1213 3084 7409 9203 7818 9332 7166 4013 5547
17 9976 3540 2642 5566 1755 161 403 9481 3203 8827 7122 1274 8503 4077 2677 4987 4133
19 2571 567 1421 8653 233 7610 4850 1065 8528 604 9491 1361 1076 1813 3113 1935 2862 8453 3514
27 3549 2166 697 6718 6818 6703 9527 6336 2527 9288 1790 7754 9321 594 7599 6949 1760 7084 4178 3525 4142 3275 3087 1633 302 7527 8154
26 4008 6189 1251 1200 2167 6985 1676 396 1459 8895 9967 5002 5117 2354 7242 8197 2262 1495 2550 845 9936 937 8463 2322 795 2840
9 6002 7140 3572 3866 3614 174 2516 9259 8618
33 9888 9166 2143 7430 7323 1863 8795 6896 990 1458 5770 5878 2141 65 4212 8764 953 9704 9091 7160 7354 5807 54 6640 2726 5177 5429 7974 5257 3255 2200 3480 2755
29 5445 3409 6804 9628 3445 8682 4986 9972 2753 9195 5702 377 1169 6848 5314 6778 800 4578 7718 7591 6225 7828 6992 6046 1374 8080 5361 7450 2658
17 3307 7114 3910 1843 4957 3493 2434 8378 7216 4328 5684 4628 6389 8741 2452 3661 7581
29 8310 6529 9401 5282 9735 7759 6380 1595 2054 8103 7407 4456 4701 4698 9917 5357 3359 771 7550 8496 8668 1445 418 9726 4308 6310 8837 5048 1646
31 6815 7864 7768 7572 6316 3036 8112 225 1746 2240 2192 5329 1264 9103 4055 4770 4978 8997 4890 3076 9386 9367 1936 2858 4081 6573 9454 7052 2321 9860 3727
11 9913 5954 4245 2304 853 4415 2969 2052 2346 3848 4047
15 2883 3294 4112 4207 7710 2217 5169 872 9767 5010 7878 82 2819 4983 4374
24 6916 8489 8978 4285 6293 4450 5550 6571 6873 6733 3406 7326 6292 6995 5505 9261 2705 4721 8769 6889 8762 6087 4553 2843
25 303 789 9869 3885 9179 5830 2453 8631 2648 8366 7900 3847 2765 3242 6928 1781 2483 735 2101 1793 7518 390 948 4735 9430
12 6263 5727 5517 3632 3220 3325 115 8798 7490 8650 517 6527
27 2316 8458 4794 5699 9524 6638 7682 546 7629 7971 2933 3625 2358 8166 5360 1409 8704 9957 5940 1122 1462 410 2878 7524 6151 6917 231
32 2917 8024 6669 417 1102 4555 5088 2011 2565 4072 8307 7566 4121 2368 3339 676 9204 63 8305 5438 3079 4864 9942 460 2575 1658 2905 2697 3931 9736 1261 2208
24 1305 1414 9503 3602 6903 9180 8806 3099 8782 8099 8830 1058 1094 8732 7280 6539 5185 7590 6626 2258 7416 2961 6148 3386
25 9847 3257 2657 989 9634 9130 6762 3624 7267 586 2561 7520 6785 3595 5980 1238 4110 2342 5895 1812 8043 3335 2287 6093 3631
16 2061 3311 7975 9252 8821 3856 4902 3385 205 8964 7168 3567 7888 2629 1479 4823
22 9619 4583 3989 7243 8856 9738 8951 5238 969 3086 8235 1848 7540 5645 9590 307 7625 6693 8552 5944 3402 5443
20 1138 9864 7174 9156 1660 9859 9584 2694 1513 9748 7240 4964 110 6464 7721 5236 8825 8507 4181 7825
23 4618 8149 1778 8516 2501 9442 4173 8705 276 1401 94 3662 466 7596 8706 3914 9522 2460 7183 3656 9399 391 8700
15 4058 1630 4255 9925 8108 8356 784 6195 5935 8790 9312 7946 8980 5714 1300
4 7013 3767 8402 8865
13 8878 3490 3936 5157 4745 6166 8839 5224 7350 7244 7289 9443 7700
18 7929 5358 3396 6645 8529 4400 9151 9526 8416 9980 3070 8186 1946 2990 5309 7582 1316 8330
22 9707 9090 9469 8816 6454 6652 617 552 4503 6832 6925 384 9489 7854 8180 1950 1043 3422 3301 3838 9555 3289
27 5300 7028 530 7876 9557 5291 5344 5452 81 3556 9983 6866 235 3201 6552 4739 2560 28 5630 7408 8625 9875 8723 6914 2752 5666 9638
17 1315 9402 6410 8554 5678 4595 7933 8062 2525 3421 9379 890 5356 8793 4144 7655 2554
12 7861 9405 513 1908 8093 2000 3778 379 286 3341 1327 4955
24 6783 3147 2654 7949 8214 7866 6619 1393 3968 6372 9565 654 5378 3336 5283 5153 2098 9465 5435 3035 5973 2280 4790 626
16 4059 4984 277 1986 1491 761 1294 156 3227 4802 8105 5444 7359 108 7836 557
9 4855 7435 8967 9921 6470 5788 9334 6193 2210
8 5086 5615 6756 933 8155 607 1817 3185
25 4071 8302 9813 4225 780 5662 7912 4636 3940 255 1914 9643 9185 6945 581 5203 8805 8655 7059 1645 8735 6096 4116 3871 8921
9 7463 3918 7804 2749 7908 9308 185 8834 1022
29 7429 1512 5996 718 2245 8042 7209 7276 3098 9641 4498 365 355 2645 2680 6679 5725 5007 7201 8812 6145 8092 3927 7283 4504 9747 9277 3347 7252
20 3167 3826 7347 8493 6861 5785 6940 8258 3431 3132 4448 5613 4191 6621 2097 8925 2224 4018 2353 8414
25 9305 3236 3773 4228 3701 6222 4532 5534 5070 613 1325 4560 8495 5110 1901 5139 270 8467 7300 9521 6065 8249 9484 8332 7795
13 5192 1605 6875 3833 8173 3729 589 7851 2371 5834 4580 4844 5953
33 5299 190 8892 2440 9002 7840 3482 1110 7066 7830 2373 3404 11 8906 2978 420 2728 1099 3456 6934 8358 9243 9703 7938 2746 7955 4108 868 9215 3223 86 8897 4803
28 9563 5743 5295 8681 6927 1686 5674 1257 5526 4775 387 2938 1656 8974 4312 8475 9153 3296 7139 1606 5410 140 5657 1788 1602 3836 675 770
33 8731 1323 3334 9657 8530 5751 5170 1509 2270 5998 9298 6179 2601 8268 9837 279 2039 3808 2552 214 1649 9201 4579 888 2392 3660 764 3441 8267 2249 3984 8374 8499
30 2135 6150 8784 7312 9450 1557 5642 3169 2954 7422 5451 15 7796 5692 3561 3948 201 4851 309 5456 4341 7820 4732 416 6564 6099 8777 8070 3929 4683
26 3444 6485 2335 7086 6984 6023 5952 1937 5021 2766 4114 8620 9880 3919 4847 2820 3171 5726 7753 983 4242 8647 3965 5446 4725 5150
27 6412 7320 6951 4404 1222 5433 1152 8523 3930 8018 6562 8481 4388 4093 72 6540 9148 8744 2010 5066 8971 9323 3945 44 8888 5412 224
18 2949 3197 4233 3263 2382 241 896 9394 3839 584 852 1834 1753 2478 539 8270 5165 8730
30 273 3249 4635 318 4481 767 9912 1429 8610 816 9113 9928 8125 6442 8491 2555 3244 274 2403 752 2826 51 9961 9794 6616 9956 7123 2361 2329 6467
30 713 4387 7546 4050 9511 146 85 64 5803 3247 1179 5105 6104 3754 678 1981 9162 5681 3237 2396 1214 3801 5997 7348 5346 9663 4451 5753 472 6981
27 8703 1609 4164 2605 3921 378 942 9731 2884 7805 599 2407 5163 5635 7659 1889 8390 2545 3437 9155 9318 8141 8982 5044 9025 9938 1006
26 2247 1860 4421 6567 6034 4607 5279 7812 542 8505 1396 5958 6059 3447 7094 7258 4425 1772 5634 8685 5873 8948 6958 5784 3886 9172
27 7913 5829 4007 7364 5994 8075 1979 880 5786 5249 8993 806 5102 2204 5984 9518 6315 3953 4488 9854 1303 6448 7437 3934 1758 9317 7058
24 3696 9109 7907 1101 7592 8148 6379 897 4937 4647 8314 2995 6314 9081 7241 503 526 3766 4324 8683 1927 3041 6364 2221
27 4377 1407 6004 439 3740 381 6213 8694 2115 8952 7918 4106 8450 1034 4881 693 7945 5820 9173 8202 6335 1127 9067 8908 5536 8163 9517
22 3442 3575 7314 6474 2997 9375 9263 4699 3981 9028 6921 612 8755 6436 8540 8673 6734 9422 985 6371 9615 7482
30 7401 7993 2626 6327 4291 5267 2831 2126 8984 1859 2885 6437 3031 7384 4988 8958 6281 2971 8922 9618 4991 2692 9887 4610 3671 960 6717 4157 805 1134
30 6831 5213 9556 3544 3319 6969 646 8804 7745 6082 4270 1896 509 7392 4515 1368 6930 6043 7007 1682 1666 9529 9745 1153 4769 4968 7839 2114 8581 6063
18 769 6502 3976 7255 483 3807 9138 1721 6751 9000 7594 9592 7288 6897 1140 6080 398 8301
11 6695 1784 4467 412 5999 6238 644 5987 4923 6978 954
19 8518 1637 2711 565 172 2181 751 8597 595 2360 8645 6932 7508 3075 2154 5919 1107 7105 835
12 2384 9231 5597 8920 9244 3649 4022 1572 2624 3797 2298 2055
31 6901 8425 5890 8536 7434 5799 3124 1256 6283 2035 397 3570 5559 4688 1988 2017 155 2672 2872 1691 5142 4422 8859 5787 2488 2113 1279 1958 5148 7057 5047
25 1543 1438 8370 4246 9625 354 3906 1942 3133 9553 8659 4667 3753 6447 2546 7969 2582 3889 3195 7053 619 6445 898 8275 7673
15 9393 7612 7224 3816 1272 7152 7636 3165 6279 3211 6463 4052 5474 6559 8850
31 1515 2942 8328 6922 2982 671 7019 2045 5792 9440 7366 2402 2959 9006 5385 1519 1714 7720 1259 9365 4155 2733 8639 4609 5489 8451 1446 3126 4446 3543 2227
33 700 7891 3066 6498 7246 8882 4664 244 7715 3946 1417 6566 3454 2400 1468 689 260 3212 3893 8569 5850 3634 6590 885 9149 6017 9905 8714 8349 625 5652 1652 5616
28 3371 6658 1524 4657 6886 6346 9962 7301 8028 4722 4899 5587 5396 7262 2873 4478 7961 6561 184 9791 2372 5928 8636 5949 401 1195 3562 5504
6 3156 6745 8088 3503 4750 1948
25 7040 2233 4935 7102 3420 5453 4485 1436 5861 118 1096 6883 6165 3141 4075 9774 2611 528 2093 2890 9455 1971 6964 6401 4325
33 1992 8020 4630 1233 2916 3879 8671 7643 4884 3499 2513 8928 4566 7148 3470 9085 5484 6811 7095 3926 6697 8810 6230 6828 860 9290 1730 5555 5900 6492 2090 9850 2117
11 9325 9406 6206 419 35 9037 5082 3770 106 7764 1855
26 3855 5808 2511 1518 4602 2059 7411 9177 7679 137 9479 1668 9727 1516 1337 1591 7153 7126 8461 1754 3700 188 1408 9773 980 7115
18 117 5387 6164 6338 950 4205 4123 2107 7075 7264 2727 4444 4383 4215 8405 6011 8923 2597
19 6403 1977 2613 2320 7187 8687 9694 9934 5154 4921 7781 3593 2768 9978 4238 191 2798 6107 1190
35 4435 2123 9385 5627 9100 7941 7746 6268 833 1466 9778 8140 7620 7100 4912 8725 4870 1727 4674 3059 359 4097 8340 4146 7950 3250 9499 971 8396 4350 1972 4348 5449 3110 8480
17 9449 2031 1106 348 7068 5394 8911 9436 9372 4361 9885 8341 4303 3134 6458 4145 2845
32 6807 6135 608 3105 3795 2570 1693 1886 4326 1168 2556 9157 8916 3182 5523 6134 2947 103 6264 8135 7725 4342 7541 5115 721 1358 5460 2824 7338 6840 9004 7093
26 4307 8484 5466 5516 7668 8188 2173 9809 1048 5256 5201 2882 4985 8815 5607 6636 6812 620 3806 7780 8354 7801 5545 6895 8137 8122
21 6198 9463 4502 4705 922 660 9134 2817 6744 9021 8912 5490 3630 1161 6673 5467 7074 1149 6365 8612 6518
15 3869 7198 3317 4830 3054 9645 178 9496 5076 281 2025 5373 6863 8745 7773
22 1335 7108 6630 7361 3854 1531 5583 6047 2808 1854 2911 815 346 6823 8570 2836 3080 2679 7017 8654 3858 8847
6 7928 1113 9559 2425 4020 4887
29 3253 6123 9666 6473 7442 7232 6537 5695 3451 8257 8288 9896 2607 5305 7502 1031 6655 999 2237 350 3728 8771 1808 8572 7112 5144 1962 5280 3880
28 1040 902 6450 615 8348 2852 9655 4798 7271 7691 319 1692 5210 624 356 116 7259 8709 6666 548 7593 1172 2067 9865 5549 794 4741 6323
28 1105 8803 4764 7816 3531 1738 8159 9167 8017 6443 9706 9194 7340 7973 4501 3376 1375 9995 6508 4447 4516 2936 7039 6685 3093 2100 4189 8008
32 474 2357 8462 4807 849 2741 9889 1583 4398 6367 5933 5211 6038 3963 5567 731 7605 7046 4831 6763 9161 2148 9126 2158 1801 2725 8611 8279 7214 1341 7953 9476
32 375 726 9030 782 8768 1733 3435 6716 1644 7048 4496 8353 6375 6396 7192 4874 9416 9683 1740 6841 335 4524 6549 213 7539 336 8321 1549 1895 6881 828 2408
28 222 8290 7637 9104 9743 5187 6402 1494 382 6416 1424 9420 8027 5862 1283 8881 8846 2195 6653 3464 1575 5095 6049 8677 6273 5024 4311 1636
32 1005 8158 5636 1997 266 8995 46 8324 7169 6163 4879 9812 6121 947 3550 3714 694 4092 8907 859 7400 6500 5331 9051 6468 1128 1969 1141 635 7395 1987 2509
16 8640 4781 1002 5062 8212 8933 6682 6953 3137 7942 4500 6792 9439 5561 229 4846
25 9675 3148 9316 6409 4115 5228 8742 2404 4195 4441 3305 8550 4939 684 8061 5532 9588 1851 9040 9147 1155 5434 1938 4339 3559
8 8329 6329 3291 6684 4489 5704 5166 9287
32 5424 7287 3461 1313 6000 6729 7096 3746 4347 3439 2835 9330 5694 4620 8470 9110 2263 7852 3497 9275 4464 6918 7469 9676 3627 540 5806 8183 1732 5230 5499 6185
10 84 8262 200 1830 4520 2486 8364 3665 8818 3688
16 1135 5384 1782 2739 2255 7838 1632 3324 3864 9350 3626 7303 3734 4951 6405 5439
27 3578 5756 7724 2921 2468 4163 2526 9299 3 877 4000 8828 331 1083 6852 8005 5641 2637 265 1585 2671 1798 4531 5774 3310 603 1343
23 9550 2207 7263 826 7274 5913 5941 4776 1029 8691 692 2994 6431 7616 1974 226 3563 5414 8240 9184 488 702 7049
26 4894 3596 5369 1655 9464 169 7548 1250 1511 8869 7014 3751 3962 7743 8362 7819 6847 414 7887 7797 3273 706 5836 6482 7051 7784
19 5868 4706 442 119 6392 2799 7785 6270 4006 9519 1594 6723 3872 1312 9580 1290 1247 59 9796
15 8670 6274 7377 9435 8457 253 4239 1036 3944 3144 6153 2349 8497 8641 9960
12 6706 5991 8819 4922 7826 6176 574 8942 1849 2326 1360 1569
20 9799 7156 7779 867 9939 5258 7195 2974 5109 7932 2646 3350 6766 5867 1014 5286 7772 4490 8594 2664
32 3555 5491 8902 9951 7382 2927 6009 4089 2948 8058 3295 2874 2375 2075 9092 2850 875 5068 941 8436 4598 4670 7980 2182 3243 6534 783 6702 2138 2073 6113 7404
23 9140 5948 9627 4482 6173 7256 7808 8851 4853 4559 6363 1941 7047 7396 6891 4925 6217 9493 3344 8717 411 5398 9970
10 5693 9128 8224 3938 3453 7901 2665 3952 5910 6190
29 2695 8459 332 164 2900 5690 6237 4944 3278 8289 4060 8935 333 7798 1596 6675 2201 6691 4999 2723 9008 746 3922 5560 1398 7981 1158 6676 5471
29 7956 1013 4109 9696 8614 8421 6639 7134 2543 4989 883 67 7842 3828 5651 4452 7294 6303 1933 9032 9958 5277 8053 5544 1060 3125 4273 8939 8069
30 24 3640 2401 2305 2235 1667 2937 4709 3685 4014 1330 2438 5104 4009 453 4440 2256 1370 5905 8872 2876 1824 9206 2503 4288 4755 1473 1573 2926 1084
28 5769 1384 9267 3200 596 6526 9273 444 5100 9370 6426 8237 434 9480 3152 1945 7844 727 5943 6275 5506 3015 1095 8089 667 68 4042 4662
8 9084 9920 9045 3585 1601 4704 4027 1452
20 7952 6493 9282 7557 6615 5422 9678 6422 1211 3909 7794 1748 1302 458 1934 9661 1756 3805 1119 9803
18 372 7889 7355 2209 1783 5320 3481 4210 4945 6623 9488 2070 2879 2493 143 9387 6461 4338
16 4090 109 4910 7236 9613 415 9232 9950 5219 8109 2568 7967 1688 2762 686 7206
12 4637 4428 1121 2717 8780 1448 7627 7552 7130 8863 243 3088
27 2356 1372 8274 95 1201 3502 5050 7595 2924 5809 8239 4840 1921 1229 8776 8264 2381 7832 9279 1397 7144 6207 7391 9650 5476 2586 9532
21 6115 8711 8035 7793 2715 8603 6578 8048 3598 1890 3226 2369 4681 6837 6525 1354 8046 4298 9129 763 2627
12 5717 6740 5562 2769 5176 4747 223 1671 3878 9966 3504 9530
31 2869 5237 3129 8521 6012 6398 8367 2930 3326 3609 9073 2467 2415 7857 8177 8748 3894 3939 6204 2236 1525 3587 5989 8281 4640 5926 5596 7485 8384 5362 2983
17 961 3358 5475 9855 7027 4650 7954 123 4771 4861 6959 7814 729 6569 9396 1137 9573
19 3988 739 873 5250 6187 2443 1035 9017 3628 2804 5542 3312 165 3600 2492 3644 8898 4305 5173
25 4150 8055 7648 5712 2825 5660 3532 9264 8051 6036 8826 7167 9816 5004 256 7099 7298 7012 2085 1916 4936 1763 251 2615 7833
3 2559 7948 7376
27 5885 7329 3786 4064 511 1913 5241 8245 9826 4330 4033 278 7260 8427 7708 5805 8286 9096 2487 33 4192 4812 8165 1472 759 2252 6221
17 4379 9985 5626 7211 7479 9186 9750 3771 8386 3002 9014 9690 4269 452 4778 3664 9906
23 311 428 1553 9836 9822 4406 7547 936 7939 1976 3960 8651 8318 6497 8621 6878 4015 389 4427 70 4203 443 3899
13 3654 7940 4419 2918 9115 2120 4928 6661 9427 5065 831 4678 3021
14 7561 1593 7379 8973 9062 1710 2846 7998 4539 3573 2580 8605 7069 8044
27 7399 1024 8198 6220 4953 7342 6098 4594 5700 5268 6808 9355 7788 3154 1183 9344 3916 5945 6617 8276 1074 6390 6052 9417 5458 1892 8947
32 768 5746 41 956 3783 895 4749 4371 7555 2164 2104 9361 2051 5519 732 2189 6146 171 4262 520 7313 3764 291 4051 3452 2069 5242 901 6434 9811 5390 6191
10 541 7325 6154 5118 8251 579 7617 6271 8363 2169
8 920 1803 4940 275 9908 5083 2633 1555
17 4494 627 2074 9512 6512 7448 5915 4227 1299 9968 7920 1787 7990 4700 2964 1001 8217
10 622 8435 5748 8146 1873 7922 4786 560 6359 5903
20 568 8376 7248 1508 3663 2776 5701 9272 8300 9911 4209 543 924 7021 7507 6522 5274 4754 6129 1545
23 1664 8209 8573 4107 208 708 1311 2395 9729 938 4125 5340 7351 5168 4810 9124 8322 1991 2795 6782 2238 6631 8057
29 8962 2538 9012 498 4396 3057 2473 7456 7984 147 523 1752 2479 4357 7650 5072 814 9591 7254 5736 3330 1268 3835 6045 2953 9146 3349 9069 5311
29 6228 5113 245 2783 5054 3366 4366 3373 3896 4249 4675 4893 5180 4290 7368 7292 1262 4026 958 2022 5164 564 4738 7218 9214 7739 5939 6997 20
29 9216 5875 3947 4703 5620 3047 2323 7665 578 8987 8901 2 3039 8661 5000 2364 7062 5401 5492 2650 7158 3943 7087 3369 8392 9154 3012 3522 7008
11 9283 699 1869 306 4811 6533 6266 8091 2794 9525 6258
16 1833 6199 6200 4028 9065 4021 8737 8617 4969 7564 8864 1960 2599 6301 7220 2445
24 29 4260 481 935 6305 1487 2675 9234 6333 6696 5133 215 7403 8115 8010 9398 2579 5789 2188 3733 3529 1377 1173 1562
33 55 7180 7406 9105 8989 5135 6313 7445 2108 7697 4784 9001 9882 5768 399 2945 3450 6604 9239 80 288 4619 4740 5633 5175 312 5276 648 9552 8838 4606 1510 4538
16 9523 4693 6208 2352 1046 6698 1768 3181 4111 3282 9205 5625 8169 2099 3809 8124
24 4143 5858 3541 5955 4658 9410 1369 3867 4353 1791 9324 3694 8026 6224 2584 8004 6557 1574 9999 8452 6933 9637 7714 1378
31 8950 6877 8351 448 9064 6809 7425 649 4031 4302 2174 2829 8064 7560 4845 6790 4176 6339 3383 5468 6427 101 1086 5775 1133 6007 3932 8196 8770 9940 6613
17 3149 9852 5214 3108 7934 3993 7041 8719 628 5863 6486 4961 9756 8900 1642 1293 2540
32 2576 2536 8574 9640 4613 1465 6584 8642 6272 8560 949 7457 4019 8502 4856 3216 6908 7179 149 1116 9786 1049 7128 2334 5924 1881 479 7478 4149 8508 685 8877
18 7119 842 6192 7000 9492 4318 7386 8652 6460 4397 3757 463 3846 4486 3824 5883 2544 790
23 6961 4885 3092 6186 4297 753 2653 4756 4130 9077 8444 6999 4473 7142 4625 973 9193 3823 9389 5884 5832 6731 5573
17 2986 3208 3354 2856 1634 2952 8094 9505 1785 2131 4599 8096 8592 8712 5696 1204 8430
18 1888 9473 4661 7602 2992 7787 1281 1346 5116 2612 3225 5325 5974 5731 3860 1082 9776 3969
21 157 7129 8832 135 4973 8937 2119 7837 514 3798 7614 4317 5190 1704 296 7281 5395 9168 4783 4057 7733
27 4948 1697 4826 6141 8298 9199 138 2760 670 1911 1420 1471 7807 3300 2956 53 2950 1329 2471 1829 8759 3303 1708 2730 5937 4332 4177
24 4214 7104 1970 9702 3958 9381 7732 9268 2179 7822 5026 8293 7790 3508 6509 7970 1694 8162 1764 3715 1350 7251 7565 5877
12 1978 3608 5352 6387 9739 6075 3548 2136 3942 9434 1751 9792
20 734 2838 1959 5156 2033 4099 2652 7769 6243 2037 8627 7178 6513 537 9674 8336 2587 2269 3705 3097
21 3281 4959 493 1580 3542 6261 2578 4497 2966 8111 1236 2962 2616 7304 1665 5846 3040 955 4759 316 962
16 957 2026 4673 9071 5628 2386 9019 9293 1648 5432 7744 5623 3048 623 5819 4292
16 5341 9452 730 9757 5917 3232 6672 9159 1292 6775 9659 8553 1961 1641 3812 818
15 3103 9347 1363 4202 1797 9981 1143 7926 7767 631 4676 3695 5147 2491 5179
21 3693 5112 3068 7196 9872 5764 4561 6674 7091 6184 7454 6382 4333 1919 6759 7989 6394 2908 707 1718 2312
26 7862 4003 9832 2771 2394 4888 7275 3904 5909 8284 3832 3361 5419 6827 8697 3096 6954 522 6760 8684 5972 1894 432 9005 4363 976
11 445 7553 2718 5098 8765 1202 4218 6227 2839 1185 9545
26 2008 6747 2198 6710 6438 5495 871 9516 9849 7176 7501 4512 8076 5005 1885 2222 1850 2091 1390 5141 899 797 1115 8078 3069 5273
16 2912 4546 4624 7567 8940 4990 1109 691 847 3752 8871 1069 6726 366 3902 2430
16 4346 8736 1030 7574 9289 9127 8116 5553 486 1056 7917 4962 8941 195 2770 295
25 2020 9052 1564 9549 2250 7663 9742 3623 6197 9160 3907 7727 2740 3682 2756 7893 3820 4612 7385 7261 6417 1234 3042 6487 5376
28 8395 3138 212 9314 422 3513 5557 8244 5040 9397 2341 2087 1832 809 4505 2257 8966 3109 7919 4179 2267 1490 7170 571 9909 1865 9993 2441
26 7141 7230 9806 802 6764 2999 2585 5622 5045 1504 1166 8339 5313 9490 7551 5882 5956 7302 7944 6282 207 651 9861 9668 7138 1015
14 3030 5393 9636 2442 823 1565 881 5188 163 3750 4251 7972 3749 4091
16 6724 6735 6245 1949 4063 4588 2186 4797 8522 9692 2490 7269 879 5011 1139 5415
14 4842 3758 3426 9795 6966 5766 1182 388 4301 6725 1542 5637 1226 1336
17 297 9996 5425 4410 2333 3477 4880 3205 9054 4068 3213 7462 4669 8325 5979 1093 4243
27 5598 7512 2455 3050 5351 9341 1441 5457 5405 4236 7006 6451 6452 1964 1463 1924 1618 3897 7923 3711 8913 2604 4972 2133 3287 8337 5248
27 8840 8021 5887 1252 4139 5287 1725 7562 7080 202 4086 153 9583 2340 1068 2003 9423 3506 7963 6551 5493 1726 1301 9953 2822 5790 4432
17 1353 2714 4196 4920 7683 2470 1263 3122 559 9482 2541 3071 6285 8501 2902 5653 3643
23 8102 5060 5540 5602 2600 986 704 9561 5008 5564 3432 5708 889 3689 5763 632 7426 4626 1157 2593 2499 4865 6870
6 3471 2006 128 9349 6319 3491
20 5649 7916 7633 6248 4623 6681 3959 4919 3674 386 9665 2144 3374 8230 1021 3571 9614 3787 8352 1966
27 4495 4511 9744 9018 1365 6956 2362 8263 1338 1709 5658 4567 3455 6801 7031 3153 850 8144 9898 9568 9296 1906 3781 9123 6294 5798 1410
19 5716 2079 6307 9586 8034 92 6280 2076 2275 2095 7604 4293 8662 4426 819 3494 1291 8788 1087
17 8342 9685 6296 1206 1004 6642 2722 6712 6423 9229 6581 7371 7511 4952 6890 8929 3887
13 8406 7210 6202 640 7492 1902 3970 8303 1129 8152 7649 3254 1552
23 1528 7471 206 6942 3114 633 159 5193 9858 808 1461 3115 6799 6970 836 8976 7107 5552 9688 2454 3935 8577 1626
5 583 1651 4507 3475 7110
30 3025 3951 5771 4558 2686 9537 7730 930 4696 4356 9424 3228 3285 3992 1624 2437 3645 8247 1165 3412 9188 6637 7667 6646 919 3440 5811 1586 8123 9878
18 5304 6884 4815 6742 7190 9202 1537 8220 5824 2065 1922 1007 5269 324 5644 8001 2618 5244
21 1735 5359 8309 6021 8128 7253 9842 2802 1523 8164 7515 1891 9574 8460 151 1870 4044 5780 8468 343 5108
29 6541 3196 8786 3605 506 1884 6196 9364 1062 7037 5064 7651 1042 6714 4789 470 2420 6490 7672 3337 4760 3683 3280 7290 176 3712 7002 4392 2848
24 4829 1 4105 2370 6800 2218 9074 1679 6149 7327 8584 2687 9870 3730 8483 9373 4780 5609 7977 5659 8607 9669 220 994
20 7640 6558 3188 5182 2635 8368 3194 1443 459 7143 2374 8807 2596 8431 3101 8400 5216 3010 8729 2951
28 8204 2899 720 9353 9819 8037 2160 105 7503 2515 6391 9607 5301 8291 2563 1761 4903 7137 6226 9310 3642 7038 1712 9895 5817 2814 7235 5760
14 5381 864 9830 9483 3246 36 9057 8002 2638 2886 2786 3378 8132 2530
14 9979 8586 1054 2537 4141 4372 6618 9346 7992 3658 1131 1544 2300 3903
11 2941 8848 6879 7113 9235 8638 6511 2005 1506 504 2448
27 3743 7116 209 8419 32 3732 6089 9284 2122 959 3610 6203 5191 9351 3650 5614 2868 6117 4573 8441 5209 5051 4813 6010 7834 6606 2818
20 8559 1874 4449 5670 6406 4590 304 4982 538 9933 2202 4600 6351 6092 792 1878 9714 2103 9918 7042
21 1269 6159 6265 4250 1685 2919 4930 254 8500 4491 2042 1307 4682 561 1989 2311 2389 8045 5759 2030 4483
11 6321 1411 4322 1167 6531 289 605 221 4286 5825 2691
18 585 6110 2147 656 376 8190 4617 2810 1716 1081 3799 1470 5372 6591 6614 3762 9227 4891
34 741 1984 3368 9680 2731 6648 9035 8151 9833 9089 1193 2841 8988 4582 2417 6773 385 8060 5233 534 4362 8304 6892 8036 8887 4926 2775 2127 8423 5791 4568 2704 6919 325
27 9581 8699 248 8133 1111 292 9165 8909 1297 4787 1521 3127 9687 4569 3277 4932 7771 5392 4438 4054 1619 9759 392 1207 1230 8582 9472
19 5406 7704 3779 9804 6026 2732 2661 97 2330 2228 8193 2345 1814 5512 4032 2242 6309 9356 4818
6 6039 5679 1551 6332 5969 1559
14 4788 1973 6850 5123 4314 1982 1789 262 573 4261 6112 7943 8613 1088
26 3564 9137 3510 2896 5601 3117 1985 3429 30 5610 912 5730 1050 3551 7497 4351 7449 9695 1765 5327 2734 7489 7669 5978 3612 2457
24 580 5572 4665 9382 7277 8854 7162 8101 8990 1391 6865 2023 408 425 8074 2834 2524 3725 2572 2029 9931 4005 9451 2502
31 8728 2791 1177 846 4652 5069 2745 8506 9438 9441 8126 9150 3547 3233 3416 6171 8498 9378 9605 4719 7545 2149 373 861 2459 5707 2946 7136 6477 737 2529
27 61 8739 1221 7662 9751 8981 230 7712 7381 3293 6231 1130 2632 2213 4259 1308 287 4517 9414 1126 4465 3898 9771 4 7311 4540 9922
20 3457 5818 7638 1994 3915 313 6407 1246 8753 2002 4994 8707 7181 9013 107 7257 5037 6750 3478 7223
25 8179 5744 2782 8219 7883 9538 9262 8761 2388 9652 6094 1539 3574 9043 4168 7265 8294 7752 7855 1821 9509 3492 8083 9971 3569
19 7877 2748 5554 1326 7034 1079 5866 4344 23 1442 9391 9599 4614 2318 8372 5631 1019 144 2813
15 6649 5034 1267 3191 8110 1181 1160 6331 7573 6114 946 7018 8049 1072 7061
17 7799 9544 4717 6904 3161 3187 6086 2827 1952 2211 3923 4556 7869 5119 749 1887 3618
19 489 945 2566 7737 7685 4024 952 252 6885 3811 4916 3648 9941 5929 3241 512 592 8954 9515
6 8675 5990 9011 2212 3955 5886
4 8184 7092 6544 3286
13 6456 400 4299 2881 8955 1324 9647 9132 1455 8266 862 5094 1339
17 9207 2788 7372 3375 1175 8504 8118 3290 4327 2706 8312 857 1389 7065 5864 9709 2887
16 4687 8566 5920 8059 5656 3802 4331 2866 9699 555 4061 7374 3950 5563 1367 811
26 6424 1635 9543 5663 1684 2178 6719 7118 2072 353 2796 2319 3186 8750 1342 4529 5350 4082 5739 7821 7487 911 7054 2968 5293 4716
22 6160 5510 6765 7690 9949 4017 5844 7081 6218 1541 1255 6708 1217 4993 449 3413 6325 8809 3726 7776 5454 7432
27 3692 8323 4080 3842 5650 8273 3102 821 2558 979 21 7488 2175 7189 2142 8381 4004 5588 9142 6796 429 8269 4283 7676 6035 8722 5159
9 8520 1689 3462 6550 1529 6397 6432 7872 7522
13 9121 7194 7982 2303 2801 3822 5740 1092 8861 2993 3140 2773 9507
17 1866 3384 3381 9798 4692 5993 5288 2226 3427 8558 2310 3633 9782 3000 998 3458 8131
24 3239 2436 1218 3554 3583 6024 4744 2290 7894 1532 4263 8272 3999 9083 257 558 6037 1205 5290 132 8174 5316 9601 3120
20 8578 984 3895 3584 4206 2125 5981 7624 2793 7584 2239 9621 9437 7688 1379 7859 5839 3928 3043 406
7 8420 2512 409 5212 8085 5091 5891
6 6952 4414 5983 932 6419 3638
32 4882 4537 2118 2518 7686 657 4958 1700 6746 5569 6962 2383 6345 2151 4073 3145 9843 5397 9415 8013 3884 9174 2094 8313 5599 5354 2185 6317 1288 1210 5125 3313
31 9901 2106 8440 5732 7208 6871 3784 674 2867 7339 3505 4343 6806 5278 7587 9716 2086 9470 3738 4407 7517 5966 125 4382 4102 681 2282 9959 440 3941 807
8 7468 362 6553 6005 9600 4795 5265 722
27 9411 8104 9944 8823 3566 4403 3345 9975 3974 5074 9056 5556 2205 6116 8969 1237 334 7332 1975 8012 7670 4900 9197 4671 7951 5592 7467
9 5161 9246 2780 3193 1416 5183 9862 4746 773
13 5902 1192 8394 7199 8208 7514 5869 4726 1663 1698 9196 7985 5404
12 7229 4352 8998 2547 8413 3328 7809 5084 5461 2243 7035 9131
7 1993 2736 301 525 3218 9749 4929
34 610 9974 2495 6352 9116 5584 7278 1415 5465 1188 4924 3977 2614 37 7935 6975 2062 4715 5747 829 7238 9059 3517 5752 8218 915 5264 7509 1731 383 4506 587 234 2273
24 1563 8412 5837 3862 3085 1476 4248 7755 7770 2024 970 3613 5416 9597 8252 1806 7405 4240 3143 4134 3703 3719 5225 9536
10 7911 5487 6003 2934 2132 4605 3793 8542 9377 5174
12 7318 2426 6125 6425 6076 5426 4714 8746 2557 8253 6795 8171
2 2418 7678
13 2774 8629 3603 4016 9954 6349 8589 8648 8515 3987 1191 2610 8740
30 2278 1734 1804 8637 9871 330 7245 1631 3775 175 3785 1799 6905 9300 7389 7689 3077 736 9541 5950 3060 5842 3179 3745 2853 900 3971 7335 3611 4124
33 9626 4648 6711 9562 9190 4645 8595 5713 3622 1412 4866 3997 3673 8760 2444 6312 2631 6803 5722 8442 1469 3763 6328 5363 5618 5772 6400 6341 5750 8829 6988 4127 8022
16 5245 4084 8991 2060 8785 120 2220 3731 8843 8545 5122 3428 6318 1999 27 8727
11 6965 6377 9471 7706 7589 1366 1025 3180 4641 9642 6439
30 2429 6752 8382 5711 6101 7811 9612 5323 4634 402 4472 3597 1071 7024 242 6798 5149 361 9445 1089 3834 5986 4193 2764 6057 4680 9371 4554 8429 4158
31 9291 6924 150 1628 2077 9209 6570 2797 8970 5260 3765 6223 4824 433 1681 5565 6137 8532 8297 1187 8678 2701 4908 5871 5797 7606 1488 6051 8797 7111 1437
28 4586 9691 8207 3565 3414 6182 5409 2406 2875 8296 6106 2057 9376 78 6415 8896 5097 3081 5828 5197 7863 7307 6433 910 4296 2821 7358 9326
13 2327 6457 9255 854 4615 8938 6062 7903 698 6064 7529 9998 5968
3 4644 3539 7813
25 6694 9087 8040 2036 5107 6399 3657 6178 1271 7222 2909 4457 5061 6459 6982 495 129 1720 3158 9755 3407 4728 5669 6242 9673
26 219 7846 6536 5303 4585 1587 3530 799 1428 3235 4710 9697 3352 6478 7443 7845 6781 8608 5275 8238 2865 7476 1507 2456 690 247
7 4098 4223 9078 9705 9620 6601 5982
21 4066 3170 7631 3199 982 8403 1453 74 9639 9322 8150 9884 6235 3841 6820 3844 8241 2750 6600 2007 9915
14 9020 7575 8345 1770 6289 6144 6592 5030 7233 1953 1868 0 8959 5672
9 2176 5284 609 1540 7030 7959 3890 8606 8260
26 268 1090 3017 6856 9182 7438 5914 6181 6462 2719 4521 1493 6347 8669 8399 6588 8604 2475 1347 5272 1425 7603 2277 430 1404 6603
26 9670 5856 7249 57 4409 531 2385 5400 2702 2248 7525 1876 7757 5481 4430 8201 8015 1385 9145 8949 4484 2064 6194 2880 869 926
14 3008 1530 4761 6340 9617 5838 3261 7613 1085 755 5758 662 6944 7789
26 6633 271 9890 267 4544 4913 3949 5619 7370 3845 9734 3592 1317 2844 2500 8513 3917 3670 1039 6761 8716 1659 1514 9765 616 3500
10 8271 5721 1399 451 4310 7702 4918 3417 321 3741
11 2944 457 2261 8079 9710 300 3760 5138 8538 7742 1929
28 5222 9306 9874 9654 9681 5036 709 7150 4907 9823 7726 6622 9821 701 600 9230 5793 8619 5594 8333 1903 421 7163 4354 2145 7310 9766 2163
18 8509 1625 168 5888 6575 4862 2667 9027 7453 17 6524 393 2689 2155 2223 7044 8519 9711
10 7227 1744 3876 7388 7349 269 9061 9311 8265 3528
27 6607 7117 5285 8766 977 1474 5847 40 7654 1875 7231 5411 5259 7538 1690 6234 1839 7904 3706 8600 2517 2707 9253 7228 4267 2609 3588
4 3321 8598 8422 7641
27 8564 1100 4349 507 7692 1349 643 1008 3874 716 1967 3621 1741 5292 8524 7871 8006 8221 1243 3206 5671 3388 1225 9120 5046 5538 1254
20 1815 7346 6066 2332 9783 5600 8904 9269 4012 9989 7505 3558 2851 1680 6943 4723 8880 2019 5697 638
6 3168 3202 5463 4886 6994 9404
27 6913 7792 3557 5621 6247 2291 7873 3790 8007 7341 4591 8242 4690 1566 5754 4175 1091 5795 4514 532 5207 9531 6577 8327 5855 58 2410
28 1724 2963 2690 3840 9135 8555 5374 4971 7145 4453 5664 4805 4906 3139 4316 2522 9431 471 4572 8999 2594 6632 9656 5459 8232 7001 906 4909
10 6900 9851 8157 7874 3616 3112 8306 6441 9097 4120
4 2507 8426 9927 9569
26 6361 3160 3821 5816 4587 6216 9276 4119 8485 1930 8857 8562 6157 5140 2027 1673 577 6754 8409 1766 4412 7343 6249 7758 6701 5723
30 9187 4437 4848 7554 7698 9419 8259 4872 3258 193 2206 9141 4550 7647 6926 7440 3053 714 9456 134 7470 8633 7056 7079 9007 2592 4785 182 455 9354
30 113 6851 8588 4405 6480 8860 7829 8533 3782 6103 9221 8926 5023 5715 887 9348 1382 6545 1351 6095 4581 9086 6022 7204 4174 4766 9058 9834 8098 7766
20 5402 8792 8464 7628 2105 1239 659 8820 9228 7296 6862 4159 7016 2433 7800 45 6869 1242 3302 9049
29 7088 6053 8448 5503 4854 7010 9566 8801 8953 3474 1810 2535 5391 6061 1136 1857 1818 7500 5200 8408 2028 8084 6787 5423 8946 7968 9577 5399 2724
17 8587 2520 5507 9251 7071 5421 4053 9856 3582 9534 1484 5676 1703 1614 8866 3723 1547
25 5343 2523 7867 5012 102 6989 7777 993 6587 4677 7817 1045 395 7750 4235 4433 3150 3391 5106 6628 5728 2146 7853 2347 9359
29 8698 3104 655 210 4065 8160 5907 6713 2089 9023 9571 2700 357 5687 8469 5947 4597 9919 6140 4151 2976 8222 7184 4731 3274 8404 5508 6074 8210
5 3647 1670 4632 2317 2939
25 554 7451 1955 5347 2180 6967 2355 6784 9478 5959 1840 7680 742 10 124 6704 9211 3118 3162 9212 9309 73 438 2337 8862
12 6044 5500 9286 856 6814 7191 5298 7234 2040 4274 8383 4471
23 6418 5654 4980 1550 152 2781 1215 3315 3469 2121 8624 6605 4454 6262 5498 75 995 3023 6586 3804 2564 7705 1701
30 2531 328 5205 9485 5158 9068 4384 4552 715 6041 3761 4211 1592 2923 8299 2068 3484 2398 7723 2215 5186 4252 9034 1548 1825 5322 2152 8365 5977 3780
12 7716 4773 6860 8751 323 9787 3224 4691 3107 5318 5848 2172
30 2313 315 7465 9947 1729 8194 2984 8956 9701 3044 3308 2636 5039 6444 8549 7966 34 6215 4816 5930 7979 1925 3488 7530 7202 7831 3863 1909 4160 4592
14 6780 7082 825 5719 7494 9761 4070 2533 8114 7736 6032 5896 9829 8543
8 1879 2422 8410 8868 3818 1023 1533 1284
28 2828 2784 3403 6475 2651 4643 9475 7642 9357 636 8511 8918 527 4045 9658 4915 6027 9945 8052 8317 6214 6690 5960 6124 8278 2165 840 6260
29 3667 8073 8285 7380 2696 7171 5951 9133 8800 544 987 1199 2390 5804 2595 7583 5589 7960 968 1811 7607 5831 1662 3322 3792 3576 762 913 939
24 3410 166 2539 9769 5511 611 9576 1846 5899 1282 6769 7630 6678 1011 3395 8107 9245 2080 49 9432 8626 4977 9608 2830
30 6767 2928 502 6563 5263 7135 3393 9248 2898 9319 1104 9667 8261 6888 5801 2034 9616 914 5181 8885 3485 1380 4860 1426 5894 8168 5854 1244 6073 6278
26 8189 2975 6420 3398 8379 9948 8585 8510 9644 6868 7635 7333 5677 8476 747 3509 3256 781 299 2363 4375 1147 1454 6246 4649 5629
16 5881 5332 4965 8534 1286 5639 745 4526 2674 1483 6233 3004 5178 9099 1216 4220
28 9698 7357 5025 9575 6523 1232 6805 7761 121 8407 3271 6297 8415 4734 2567 3980 6077 4975 1373 6528 6667 3653 8781 2194 6019 9024 1576 8156
20 7709 8277 8338 6430 2751 7483 7247 1678 2569 3011 4943 5078 3978 4216 6136 6867 3518 1951 7597 8874
9 394 9459 3911 6844 8280 79 9876 2271 2897
25 8086 6786 1276 2497 4938 1496 127 7466 9238 6898 4768 1561 4280 6306 3217 1321 2469 7835 3637 4399 5647 758 1526 7783 8957
20 6269 8713 5535 2216 3051 1146 25 5703 7336 3956 8754 3415 3698 6070 1809 4458 8282 566 6853 1805
21 7188 9595 482 1503 5539 6647 7882 3759 6344 6880 3501 1822 1567 8428 1395 2413 738 5840 6055 9343 9693
8 4475 3601 4875 6771 2140 1319 8199 1956
19 6912 9070 9031 8182 3496 283 8590 7549 5992 3707 4946 1151 8388 7121 4272 6428 7600 4996 3279
11 8213 3459 5307 5593 8038 1012 724 7077 1383 9213 7025
22 6843 3329 8346 2056 9712 4639 2171 6548 9593 3747 6707 7352 4762 3318 3831 981 7806 6872 2096 5198 2032 7472
10 1794 8715 7446 4869 1647 8615 6893 7344 6902 4796
8 6656 2915 4720 476 6521 8185 9635 8556
6 1227 5698 5757 2112 2551 1880
12 3697 3849 8434 98 4493 7282 6476 1872 6659 1943 3372 1159
29 7293 7677 2973 6749 3666 100 9429 9737 8667 2630 9844 8960 5470 8689 9866 4378 5035 3900 5898 2038 1333 8443 9390 6388 1696 5515 6250 3264 8377
25 7849 9191 4836 3215 6737 9963 485 2246 3905 9270 2534 4535 3813 3018 9730 3356 576 2367 9986 9486 5312 4479 4185 9753 5841
32 4536 8449 3991 601 3789 1762 6597 454 4244 4219 5529 238 2197 9955 5852 7063 6079 8961 6130 2092 9772 2427 7423 925 9808 5942 6976 5688 7537 12 431 5543
7 3333 3176 3073 6842 9164 9457 2591
19 6662 8548 4686 3615 1381 6006 7032 7029 8658 6651 407 6050 7526 2666 1898 6295 9198 3679 4186
32 8787 4455 7666 5668 6357 3190 9564 9539 3465 2958 1392 4221 774 2837 3913 4067 1450 4621 8544 1017 2655 8845 7644 9217 8041 6330 7930 6611 9719 8910 1003 6494
