29 6440 7313 2335 6475 5668 6278 1138 6686 177 5843 6357 4564 7990 6174 2981 2125 9209 4103 5043 1582 3140 2764 8252 2294 1576 4811 937 9697 1637
27 156 2414 4060 665 4151 1631 2058 402 8423 565 4684 1402 7989 1406 3461 9570 6396 3327 9085 1510 7530 4121 1277 3157 5276 7004 3808
28 4467 1938 9166 7331 9621 7144 1093 6036 8292 7468 615 5964 5768 7247 5839 4669 1173 8757 7285 347 364 7169 2612 1714 9912 8501 2493 496
30 2822 3877 5771 2263 291 7180 489 2748 8517 6160 4262 4657 4892 2833 1873 7265 6226 101 6124 1903 6571 6458 2210 6241 2778 4571 1629 7470 8715 6787
29 6599 8644 9417 3383 1756 8714 3703 7513 9986 9289 734 203 1867 8721 9792 8901 4112 4740 5816 9083 5421 315 9503 149 3649 4947 9152 1235 9577
29 6261 7132 4166 9646 7699 4697 3242 7296 3341 4396 8917 8191 9216 6601 1458 7757 3799 2379 8304 9005 8021 4968 7461 4721 8695 6637 1323 2016 3116
29 6428 4469 7494 7611 7744 8445 6125 1547 5784 5878 7374 9917 8832 1303 7025 3175 361 1918 1645 7961 7241 5626 9402 3578 2115 7544 5734 1327 2565
29 9738 1817 7984 9787 8833 5102 5683 5157 8460 9339 1360 4687 564 4511 1968 3888 7212 2485 7210 370 7095 1987 3739 7252 7523 5936 9423 696 6537
28 5876 3611 8657 7042 5855 1562 7870 9395 8441 2624 3850 5420 9249 133 1170 2006 9119 505 3880 761 944 988 9108 8112 5795 3057 9968 9768
28 9151 3075 1348 1407 8273 4628 941 9133 8469 5382 9575 123 5367 1494 9421 4970 8336 1743 3475 9357 4971 2545 7342 1266 4380 6094 224 9346
29 8103 4801 7222 1779 9806 9980 6618 5596 6312 2176 59 1182 3435 9414 3894 3437 8599 4493 490 9294 4491 4041 7892 9637 8306 5344 6823 5915 7063
30 8450 6257 182 2512 7707 3164 8711 9184 927 848 4292 8878 1319 2790 8864 6426 4839 3814 8155 8291 2490 1332 8430 3699 7602 2478 9064 7174 9431 2436
29 1134 7382 7569 7458 7867 3292 3667 4472 5084 400 2735 9862 3284 2944 3026 958 2653 9671 7314 8312 3115 5518 826 7453 5549 8484 3008 5836 9138
30 835 2648 3693 5537 8540 3536 4252 1804 5639 261 9376 8253 8931 1097 4161 2540 4434 7932 3419 9730 279 6608 622 7512 9953 6920 8416 2075 3080 6207
30 1179 6330 6931 544 5534 2633 8954 3573 2853 194 8689 2943 7059 8989 6508 1662 2015 3650 1 4202 6604 2073 8521 7501 7520 8219 3355 8037 7655 7417
29 9475 1788 7448 3316 4777 7980 1521 2744 6793 5838 1096 9593 2355 6811 3061 6321 5076 9077 8420 6839 8662 4932 8449 2282 6713 8660 8918 6680 7021
28 7678 9246 9913 3643 2195 684 7719 2337 2039 6256 8214 5000 6352 2413 6742 9400 9295 5773 6307 9000 2486 3613 5575 3946 8165 9767 2968 2217
28 9670 8299 9117 6935 676 3347 2391 4950 2525 9883 7257 300 3635 3065 153 8688 9169 4453 3414 6346 9638 1966 7998 2393 6654 2041 9188 3504
30 8033 2711 5941 6231 9382 8884 6816 3619 8793 3784 168 3431 4456 4081 3944 9326 9757 9469 4191 9345 9801 2831 3538 3994 5521 5261 3583 2895 3188 1445
30 5266 2381 9868 2916 1124 4250 5058 1998 7317 9220 620 5951 6454 1489 5761 6483 8610 9040 5419 3031 3566 6641 5814 2160 4366 7807 1967 2814 6179 7527
28 2734 3562 4632 4099 3150 2339 393 6752 5887 1132 5055 5304 223 3695 6006 3674 9323 1611 424 4806 6081 4075 8690 8567 8164 3816 6564 3531
29 1959 5524 6796 3385 5298 4175 4948 5742 9660 8150 4178 6999 1128 1046 9609 3605 8210 8587 1471 5923 7786 7451 6355 1869 9025 1634 7817 8443 5211
29 2995 3384 4754 288 779 2236 5351 2908 8389 5235 1218 5501 9051 3879 9381 8095 7081 4035 6734 165 6122 9722 2597 8363 2866 1385 8353 1954 8618
28 2234 3240 6214 502 7161 5680 7974 6267 2435 1620 2083 1092 7645 9309 4602 264 5924 9103 2684 5778 2787 757 2374 3438 9582 3173 282 1993
30 7849 5703 5503 4091 2304 6073 9165 7800 1167 8993 313 9012 3454 6993 4925 7012 7124 7622 6050 6695 3337 1569 7311 3655 6769 6833 9045 3970 2936 6479
28 2717 4759 6200 5472 7279 8910 4858 3625 4004 4785 3546 6954 2033 125 3152 2256 9525 1338 9337 4876 3624 296 1017 1237 2514 3958 9918 1648
29 9058 8579 4390 8400 3866 2147 5693 9477 1012 9314 6690 7767 8755 5063 58 8882 9098 6940 2690 9985 7780 162 7339 2340 9766 9642 3758 5930 419
29 2150 3265 1468 2777 6925 6922 1133 2637 7356 8680 3508 3548 116 9464 6873 2225 2714 3113 1720 3142 4333 7266 4651 8393 4061 1798 8487 6240 9204
29 2603 3968 7793 6416 4219 4784 7158 3001 7880 3724 9274 8318 3434 2080 3393 9935 5505 2568 2899 5750 4269 2159 6517 4505 6251 806 2441 3901 3642
31 45 8709 9957 2813 8949 2752 1969 2298 7369 1895 9203 2028 384 4428 1929 664 5095 3512 7353 7635 6875 2750 7904 520 186 7524 4271 7968 8771 7996 3227
29 3039 8698 3991 2693 5109 2212 9825 3669 5556 87 6385 2763 7983 5913 9844 559 7385 6518 1073 7573 853 8806 3070 2483 9878 7810 2999 4897 7899
29 7318 724 5008 89 5483 9139 1441 630 106 9798 6233 5192 6773 2017 2817 6147 6594 4570 1623 8198 8457 433 3990 5776 6797 3936 3120 8151 7775
29 3448 4107 9820 563 6748 1907 5671 5446 6919 1679 9363 9857 3131 7701 4943 2508 3576 7813 9480 9644 6165 1455 5217 7734 7730 9023 8317 2386 2659
29 6430 1833 3119 2524 2756 6444 7286 7605 3934 5090 3144 2928 3290 799 2617 5214 2708 6963 842 7783 4731 5663 2875 195 4884 9134 9991 9349 3071
29 187 9594 534 8297 1417 3744 220 7467 1149 4174 7942 8296 1934 7288 8341 254 9297 507 1246 8817 3597 6342 8179 9069 8712 1446 3468 6898 6422
29 1434 8372 7946 4481 9219 8615 8991 7028 3905 5704 5601 5550 1935 6024 7739 9232 4750 3960 4924 5288 8570 7274 6254 8576 9865 6929 9723 7841 9941
29 2368 1377 4259 3987 2767 2768 3443 9223 9880 5861 6715 9090 584 3819 918 2032 7909 6009 8119 4451 9088 7444 2669 8706 6534 7858 7261 1136 6135
30 1566 482 3128 9755 7295 215 1282 3103 9059 1602 9260 2924 1163 9370 2632 4351 86 2341 7823 705 763 4939 8101 4426 3752 5527 7731 6404 9724 2507
29 2922 2563 726 9251 6374 678 8594 3297 8506 670 6412 5584 2610 9311 7258 7431 8373 5013 5495 1087 6349 7113 4403 7376 6943 2942 6442 2879 2338
29 6056 3581 553 5237 3410 6421 4076 2771 5406 4110 1837 6648 9651 7712 8601 5356 1613 4847 4187 9807 4211 118 2363 7666 6011 4682 340 9403 9982
30 2758 9446 8434 7648 1429 3733 8634 4566 9781 8912 8258 4401 6585 4930 4288 4177 6111 5199 4609 9676 1940 3793 4810 6579 4850 2095 2308 4592 6842 5561
29 9053 750 5984 3921 9702 9263 1994 6128 2613 4263 5189 4728 6674 510 7792 5716 1416 514 9653 2271 7956 9938 284 349 2638 251 1486 1727 5470
29 3183 8502 4701 276 4046 6556 7406 9406 3882 2061 594 7811 2923 5451 4748 9547 4549 2407 7040 5103 9386 6243 1153 6661 6022 192 6184 1522 8465
30 5959 7794 9584 479 7985 309 4278 2762 8649 6584 3398 4774 4952 1262 3828 7075 9810 4522 1780 6827 9199 8785 6467 7480 6077 7542 9927 4512 4418 9600
30 2584 4049 5595 6463 3306 1644 1276 7299 9107 5570 1676 6856 7531 6367 7884 4551 5270 5485 8425 6792 5616 4203 5172 7498 6260 1305 5430 5774 2561 3818
29 2921 3198 8125 8586 2048 5436 8381 80 8876 7812 4460 9502 9372 8426 557 7184 3499 1195 3056 7083 154 6642 3002 4733 1815 6901 9505 2215 1596
29 2635 2146 1060 9227 2963 9520 5883 4597 2687 8398 5028 9815 2948 71 6915 9996 7515 618 3790 976 6549 4308 897 7799 9557 5536 7002 2786 900
30 9822 8404 8366 1140 7026 6681 2569 5228 9362 8874 5068 3484 310 8248 2082 2464 1496 6953 1581 2344 9965 7193 2089 7977 485 5459 4841 120 5284 5255
29 5254 1824 6879 3519 4415 2746 5499 662 4145 1692 972 5169 9228 4603 7491 6134 4033 613 6058 438 7571 8467 8962 948 6490 8582 8589 7747 5107
28 5371 5673 7787 3339 1442 6005 1740 5637 6874 4885 790 4443 7830 1056 1892 6439 5531 325 8444 5641 9541 5753 9101 5359 1227 501 7965 9163
28 6975 596 2649 7516 3 4636 2258 1917 4017 1039 8260 4515 8512 861 6696 9564 1376 5123 3089 7170 7454 2117 8836 4360 9476 8792 4866 5707
28 389 6982 5492 3149 7986 6348 2295 7359 8036 2788 5474 9812 6145 1962 4617 5191 2979 7676 4299 992 3017 5143 6636 2796 3909 1015 2481 7555
28 2139 7175 8977 4917 9484 7259 2868 3604 1810 7304 7131 8347 4295 9279 9299 758 1537 3824 2726 3029 4536 9377 1930 717 3906 1991 3555 5885
29 4891 5955 9336 7752 7742 5868 8417 5759 5862 2511 995 7355 1698 777 1094 8908 4051 6712 6964 8705 727 3864 7139 2491 2691 7156 9383 7399 75
29 8725 1599 6610 3260 9956 6000 6027 365 9393 6572 5035 2050 5137 1321 5048 5718 2187 2111 3046 4763 8856 1513 6840 5719 9170 1975 467 8402 1778
29 5482 2517 9460 8356 8324 9640 3049 513 2027 1477 5222 6318 5811 5438 1029 5752 3287 5741 5357 9016 488 8557 4848 1108 8043 4840 1801 1503 8629
29 6198 5030 4797 5345 2640 3455 73 8798 3520 2601 9818 9529 2946 2818 782 8348 4109 2043 762 5980 342 9639 5735 2865 3948 581 9586 9866 5240
29 2446 8039 6600 3324 6910 2401 5682 1151 4117 1532 7484 7672 322 6735 5230 4477 9264 4043 7064 5047 5722 1687 3498 2063 7705 2385 8574 3285 4188
28 3353 4634 8678 7335 3762 1961 4093 9745 3780 4577 7473 2986 2389 2724 4829 5540 418 7129 3162 6685 3296 7017 9193 5515 8018 4872 7772 8932
28 820 4980 4568 4214 6275 8766 8933 7960 1549 6606 1000 8824 600 5135 4421 7673 3293 4742 8098 4220 206 5155 7972 77 8880 4058 655 470
29 719 9960 476 191 9592 3323 8046 5619 2536 6559 2689 9835 9793 1003 6137 1135 6362 9387 7217 7684 1164 4245 6592 4012 818 1937 3328 2969 4875
30 3636 6021 9942 487 3612 3036 7408 4282 3904 8458 7743 4130 67 9278 5093 5104 4614 7829 3329 8419 3217 4709 8342 316 2405 6818 3779 5507 2809 7577
28 3060 4949 528 7864 1608 3275 3917 4550 4003 1118 6138 8294 4547 3321 866 8942 2593 2181 7510 4670 6401 5449 7197 8770 7518 2959 950 6173
29 3190 1204 4543 5185 4034 1239 7572 9272 6470 2274 7462 8862 9871 7312 1498 9359 3102 8837 905 1252 1159 4816 1110 8742 4450 7100 7008 4707 7559
29 4172 9440 8971 5153 60 8697 1076 385 4454 1310 2799 4293 8611 1701 1146 7018 1736 1906 8921 9693 7971 8136 2784 2250 7281 6573 9971 7153 6148
28 3883 3210 7439 1822 2168 2519 1414 8463 4640 8025 7407 2325 6025 9736 4776 1832 5056 7143 7624 6558 7669 5824 3586 6838 6002 6798 2349 6121
29 8598 8085 1734 5134 1024 7603 6554 5167 7561 2207 4792 8153 798 8661 1352 1392 4207 1848 5186 1006 4508 7250 9945 5571 6577 2828 6883 3918 6835
29 4611 5801 6245 3005 1737 238 2608 4809 9338 7401 5175 9821 4835 198 6398 4340 6079 5692 4618 7825 136 7263 3257 814 8637 9030 8744 6546 1766
29 2870 6227 9992 747 9416 4248 5166 185 2728 6331 2286 4990 3020 259 5962 8490 9197 645 17 6232 8086 6645 4620 5709 8542 7152 3979 4832 3570
29 9392 5233 2330 9797 3518 4391 6304 5424 1485 974 4857 2808 5766 2589 1507 8926 2219 7999 5841 4686 9102 8719 9514 8606 6709 4619 3467 2249 7936
29 2223 2163 9791 1037 2755 2352 6731 7777 9619 5975 9056 7753 527 2686 4862 5373 407 5688 7027 4649 7535 1072 4210 4039 1449 7090 4461 265 6014
28 5832 9038 3899 2940 1558 7728 8913 9533 7405 3254 9562 4720 7237 9 9931 6539 6850 6039 9901 7821 6825 5019 5091 1518 2329 7371 2901 1635
29 6507 474 9591 6970 3763 7519 4867 3479 1944 8528 5133 5350 2857 3241 7290 7167 8168 8028 1336 3718 176 2455 8344 8308 3527 2054 9904 1533 2678
29 3016 5645 3533 5511 4311 1123 8462 6244 6764 111 3608 7928 7056 1188 1719 492 4509 2321 5927 5164 129 1953 9905 889 5809 8011 3305 8479 3595
29 9106 2156 4794 3312 9079 2555 9489 6676 2266 9554 3320 4243 4689 8826 989 9252 6726 2327 6938 4879 4142 6047 3133 6139 2926 1543 3197 8187 2296
29 9191 1660 1437 5031 5612 5066 2359 9315 2322 8316 8309 1622 7525 8956 9694 8762 3978 2364 180 9758 1273 1432 7818 8852 5342 7521 587 2925 4789
29 8172 7205 9257 7638 4442 593 2053 5670 8249 358 7409 9412 6098 345 6345 4312 3939 8196 9929 7398 8301 3593 1497 9686 7154 3959 4998 2634 7414
30 8141 9054 8177 61 5566 9115 3722 320 1888 4562 4958 2867 2412 2900 5993 4851 7126 8087 1224 4498 1400 3397 3294 2553 754 8343 497 7837 2556 8351
30 7138 9696 7708 9522 6382 4123 6452 3348 4205 3887 8466 9110 8815 3456 5427 8630 9876 8242 5287 9465 8303 5094 5892 1658 8302 1378 9001 4827 1399 3006
29 2849 7229 5532 2482 5171 9777 236 9943 7660 8238 2931 872 7007 6176 7586 4139 2798 9981 7350 260 1438 2438 9536 88 7121 8895 953 4419 1289
28 6781 862 8870 6402 6102 5416 5901 6866 2161 4527 8628 4383 3795 8038 6502 4072 2312 6965 608 8580 7198 3591 7490 4287 6153 9071 6830 7722
29 6096 2091 5149 6482 7084 4084 7842 3079 1194 9499 5687 1158 1880 5259 5330 1830 9483 335 8269 5078 3809 4013 4036 5408 4936 6667 5928 283 582
28 2038 4574 4757 968 4126 6262 6616 107 9451 2183 8213 8857 2852 5664 4779 2324 6924 9587 4475 5061 7599 3307 3712 37 5391 4695 7934 511
28 3117 816 910 1051 421 6322 9229 2410 3912 7784 9035 7282 5417 9411 6846 1536 7994 7628 2665 1356 9313 5319 9201 2885 2706 1891 2668 973
29 5604 3720 5324 1036 7323 8277 1095 1770 743 230 5904 2426 4667 2014 3441 3853 6180 9426 1366 1733 6034 1979 2199 5686 8810 2572 3024 3857 9932
28 701 7606 5903 7244 7543 8250 6411 3556 4348 2722 4898 7939 5352 1147 6757 3211 635 5174 8866 4023 7067 6923 9318 1997 5582 8218 3474 7568
28 6570 957 2332 6699 8613 5313 9494 2334 8848 1193 9919 4101 1085 7242 2342 938 2245 2929 72 5338 1902 1129 7354 5173 7930 7801 4339 5486
28 327 4830 8523 5914 6030 2747 1165 9546 2574 5496 4652 2100 8552 4410 5820 3684 4129 3359 4812 7041 6131 7827 6858 3351 1333 8596 824 4978
30 681 8184 5756 1670 5128 3442 9258 3783 8328 5748 4306 8652 5327 3975 7300 8255 1137 3400 7248 6739 2997 6529 7269 7452 7101 5560 3988 1464 3868 9799
28 333 8546 5846 2933 1152 9708 9665 2450 1725 3340 4833 2120 7072 3132 4471 5378 2972 9567 9701 3000 6144 2443 3084 8554 5907 2516 2585 9510
30 5260 6956 5608 7309 3172 2535 504 4313 4356 6163 4559 3228 7766 8035 9010 8489 9283 9734 4596 524 9516 3189 1208 7658 3426 2618 4517 9293 8619 6055
29 3187 804 6720 1066 3268 873 9302 8572 5274 7390 9921 7935 4147 3199 7953 9616 5643 9262 2625 6035 4225 3980 2987 3848 6828 8776 8298 5681 7234
29 8854 625 7235 5898 9052 3557 3318 8111 4315 4325 6037 7328 9057 6728 673 3096 5546 5487 1502 8947 4854 7085 1018 2883 2104 5569 3345 966 7460
28 5634 7781 6461 8503 2293 5860 682 6359 9491 4055 1749 9952 403 6684 2666 9681 8996 3596 8107 6469 748 1162 942 4664 8409 3840 3540 2611
29 1711 3632 8170 2 8053 158 8865 1904 2289 9442 1516 6707 5395 9287 9207 7587 802 4106 1578 2473 657 1949 9013 5225 9020 6059 5092 3633 7134
29 7674 9561 5136 4937 780 6844 8970 3651 9808 6847 532 5998 394 1829 6156 4676 4492 7808 3261 9946 658 5888 4912 9813 9713 4026 368 8768 3386
29 9145 5160 7574 7694 540 9515 6868 8834 2794 1098 7268 9087 3453 9068 8883 1894 8288 9553 8259 179 5563 3338 9691 735 3450 4973 1071 3957 6088
29 9581 2191 8543 3679 2145 7482 7637 308 5772 3130 7610 7275 1172 3415 3003 1070 9292 9427 5389 6054 7640 1324 6066 6981 3208 7106 5054 7178 2288
29 7833 8607 8654 6635 1964 4156 5525 6299 4734 9149 4997 546 6814 9490 2534 3108 6644 6353 1732 4604 8397 4675 9176 7220 8515 8068 7843 4956 3748
28 6933 6791 3878 928 3953 294 1055 4350 3745 9658 8122 8008 7443 5848 1249 2741 4240 9624 4056 6555 579 5437 5286 5764 7413 5849 6737 5044
28 6130 4581 2874 3914 4622 2912 8746 2774 4044 8477 3925 1709 8591 680 8148 6350 6104 3885 4372 9711 1528 2476 1311 7618 9900 7246 7885 3436
29 9832 929 3833 108 3735 6869 7607 8454 1707 2707 4520 2651 2548 331 4218 2939 5652 4496 6725 7168 9142 5684 8202 4270 1812 8061 5712 8819 6405
29 5455 9194 4766 7120 3396 7147 8726 6112 1836 6567 2513 1002 9466 412 2800 2077 6521 649 2118 5444 2861 1922 6801 1527 7457 749 4518 9100 2155
29 586 1568 5952 7929 7798 1855 208 466 9725 9006 5429 5329 7838 9233 3609 5646 183 8414 7079 6394 7226 7736 8905 2884 2261 1705 3719 7806 6441
29 3425 3704 1768 7384 9612 4227 4096 883 1354 7097 8760 6183 6085 7388 2114 3920 9830 255 8626 9897 9341 1859 5341 4705 1279 2170 3664 1106 5690
29 8980 9248 6595 2599 7116 1588 2710 250 8000 3086 8055 7906 8106 6809 643 9588 1272 6512 2026 6777 1334 8071 7933 9620 7125 7166 5780 8945 2661
29 6812 5383 5209 3044 9123 4933 9537 1222 3821 9885 5238 1329 6510 3390 6228 7069 5447 6326 7133 5034 5807 6116 351 6086 7788 5729 4791 4364 1199
28 2772 1415 2000 3951 8237 6746 4975 8741 943 7415 753 5292 8115 6544 2869 6223 9046 9266 3916 2932 9649 4624 1479 2311 8305 8290 9109 2518
28 1785 7855 3534 3903 2430 2701 899 760 3037 8728 1986 6354 5290 6829 9959 7271 6376 9776 1286 2898 1357 3626 3995 3141 9805 6008 5050 4690
29 1826 1030 3656 5669 9817 9937 2920 8620 5911 8493 9771 9029 8855 5782 337 6998 5539 7181 1565 1075 8064 8359 6771 6478 8736 4580 9615 1268 5738
29 3440 3756 3503 8919 4966 1025 5522 173 794 1871 1269 7284 359 709 6457 5426 5982 9021 444 9920 6023 6071 1529 6799 3493 6308 6029 8132 8194
29 7320 8246 7015 9699 8083 6504 7022 7054 7748 204 4124 9983 2408 6114 3446 998 4538 4054 1845 19 6468 3750 898 7583 2862 990 5374 518 4678
29 9351 7613 2554 8875 434 4181 675 4642 8541 5407 5509 4028 5834 7549 4918 1052 3886 4470 2029 5605 1090 7034 267 6602 442 7617 2008 6498 4871
28 7782 1595 3579 5696 6718 4627 7110 5390 6523 5322 5064 9218 5600 8436 5804 5479 1632 1741 875 5469 346 9652 3713 3588 9542 6266 5953 8392
29 7277 1492 8227 5112 1421 1715 813 7598 2470 4031 9375 4440 5282 1467 7035 7556 3927 303 3371 7710 9656 3223 5243 6209 8672 4820 5372 7422 6632
28 3155 8730 416 7552 3811 979 6566 6522 5312 4500 5781 9704 1126 863 7088 1382 5590 1789 8643 829 401 8229 9539 3352 2844 396 5621 9643
28 691 5147 6729 3618 7890 8693 163 7526 2679 3304 3078 9247 2685 6878 8761 1439 2484 6110 2598 2676 8863 1827 9004 3727 9698 4683 3038 7272
28 8044 3492 3701 6889 8074 706 2375 8577 3500 5142 715 8907 5611 9118 8796 4902 6306 2087 1806 2515 5203 3309 5589 6499 3940 9080 2467 6279
28 4182 9589 8017 3278 3391 5229 2838 4048 2281 51 3892 4136 781 7962 1353 6432 3319 5150 3973 5871 3862 2162 8648 4905 8559 1655 1559 7947
29 3660 2830 5041 3333 8872 9907 4694 9795 1767 2009 8369 6449 1650 2657 4120 2193 9513 6249 1563 5929 5544 3823 6899 7551 509 4224 1473 6942 6051
28 9141 6488 498 961 3405 6464 3205 2499 1839 6097 886 9780 9906 3778 4448 6048 2692 2299 3822 9432 1463 6290 3447 5819 9788 4680 9786 4747
28 8078 1831 5653 2012 3331 9590 8727 1302 356 8988 5983 8813 1176 3806 5727 8759 9140 8116 5986 4159 1234 3053 8622 3687 3717 9474 1313 9354
29 8858 94 188 1520 1267 6657 9989 6738 6230 6188 8623 5818 2878 8963 3801 318 4693 226 9867 7826 2958 7145 8922 6782 8197 9244 2444 3529 722
28 2440 8669 5889 9732 4529 8575 3949 4377 3544 6344 9976 8284 6378 7809 2010 3672 4149 6494 3007 2696 1478 9859 5380 2927 1361 4699 3580 7534
28 493 1573 5334 7636 3417 1913 2301 150 4444 7709 1899 4823 2577 8886 1453 6565 2231 1450 2362 5494 5145 6281 3081 4381 796 1638 1315 2254
29 6340 7545 5195 2244 2253 6123 9955 5177 3770 110 8067 2116 7589 2903 245 6930 6403 241 3248 8692 2366 6089 9063 1877 1474 378 1672 8307 4087
29 4904 9692 1805 5247 4050 4677 7910 9583 1603 1693 3379 1460 4179 805 1667 8713 6714 5399 7262 495 959 9146 8632 3112 4615 5548 2031 3059 2388
29 1408 8472 2365 1976 3954 3757 1373 5218 6547 4289 392 4435 6310 2463 376 4213 2757 3890 7103 6199 4233 7469 3977 4150 7711 860 3074 6952 4347
29 5588 3827 9635 2169 5226 5783 4069 3439 4194 1301 1526 5083 9655 1744 3983 6629 2226 9596 4143 9911 6373 7954 7902 1718 181 9613 2789 6561 6576
29 9601 2713 5934 429 1250 9963 3225 8873 4880 5523 7875 6862 3416 8509 4598 2300 7546 4321 9626 807 7547 6886 3676 8323 1957 6169 24 2620 8753
29 1579 4349 2954 2399 1597 6876 7327 9936 2917 7745 5793 3507 6115 6063 5072 3470 6302 9647 2131 1850 2628 723 6501 2953 4228 5787 5789 6843 647
28 3216 3171 3302 817 9428 6985 851 7981 1120 2055 8047 9007 6388 568 4424 2695 5331 2164 9944 5283 4563 4209 1583 6761 6358 2915 9410 7162
30 3592 1539 3772 40 1325 721 35 3528 7392 5510 5384 1647 1988 7340 8185 1771 2251 1840 803 2839 8459 3965 8354 4000 661 4961 1428 3589 5877 5269
28 2098 3832 3361 4803 9735 304 8281 541 5053 9270 391 3298 5689 7321 6418 1819 8534 2910 6775 7325 3966 542 8838 692 1393 3308 6542 7641
29 2600 6543 9200 2472 229 4355 4673 8646 7755 6329 7036 9654 4658 9081 7130 169 3047 7365 801 4439 8212 3561 4613 2454 9962 2088 2291 6587 531
30 4523 9814 6497 7529 6117 9899 8108 3804 6446 2064 3388 3742 1045 5828 2675 2704 5695 6106 2975 8973 8822 329 8382 5558 6040 2498 8731 6722 1551 2149
29 7851 9688 9361 667 2353 1430 2609 4478 9954 4542 6914 933 6882 3893 5152 6743 2631 5205 5655 4301 945 7182 9036 1874 2533 882 7966 3472 9958
29 5835 2996 1365 4870 5116 7992 4309 4394 2194 7038 9973 2062 9072 8278 5833 7893 6786 4610 8041 772 5625 9245 8456 7440 4459 453 3697 8240 1298
28 4115 2351 6890 9128 1890 1257 5912 5506 4938 5403 4064 3955 2316 877 9552 7172 2697 2174 3252 7627 9206 5316 4993 8533 6159 9094 946 9914
28 3766 9213 4951 2858 4386 5051 1300 1784 1802 3069 6263 521 1960 6486 5027 6462 9011 2663 2988 6589 8600 1107 2729 3369 7738 556 4585 7688
29 7080 4671 5475 5675 2350 4655 4030 7891 6854 2001 5119 1309 6434 8538 9160 9923 5956 7803 4836 8984 272 1200 9379 6273 3842 6660 5678 6149 7540
29 3709 7186 256 2971 5181 3238 6519 3203 6550 7024 6069 5533 907 3251 9902 669 775 5493 355 3690 9271 9048 4342 1061 3943 5950 3161 2530 1911
29 2586 5130 446 5461 5829 2024 9803 6393 980 8123 5906 9728 5890 430 5379 9325 2110 4070 3773 6896 8405 5922 9198 6076 2718 5526 1678 5227 5193
29 9180 1752 2442 4535 7232 9097 4730 4116 8154 2132 4856 4223 5803 1091 1905 9430 8221 1341 1955 1649 3749 7594 7073 3841 7477 240 3404 3913 8636
29 3831 5325 7395 1818 422 9096 4183 1898 1064 9178 7209 1825 8448 4382 1885 7171 5026 2945 5131 4499 3357 6196 298 2072 399 4702 2268 8539 1099
28 4119 3209 8927 6258 4560 8663 2346 5170 2680 5071 1104 3273 9222 3585 8871 8175 6768 4305 9195 4982 6108 4296 3706 7604 1263 8374 3422 969
29 3922 3782 9131 3950 5148 2992 5580 7278 3654 3487 8677 2935 3124 4180 2424 9196 8999 4780 5931 4330 9834 8411 3374 3219 2203 4384 5845 341 4916
28 1999 9445 1196 6168 2578 3610 9467 4524 8274 1248 4497 9677 3360 3502 7692 6075 8667 2660 9641 913 4022 4242 9348 6431 7164 2716 7537 7911
29 7245 7511 6640 8052 9268 5990 606 6652 902 7455 1349 5309 9628 8020 5075 66 6802 8023 7208 46 2222 8079 3483 2376 6222 3796 8070 7608 9700
28 3516 27 5069 5377 1505 9719 6710 9485 5315 4264 8602 353 9187 2811 2615 7853 1057 3109 7428 2208 2688 3497 7665 3688 4490 2105 5375 7533
29 9861 4246 7695 7449 8193 4053 4722 9648 7142 290 4665 54 8455 8390 4723 623 4700 1763 8429 4441 5271 1617 5190 25 8749 5586 6496 4635 6906
28 8786 3235 8134 659 4976 8293 7944 5223 4889 5023 6918 9092 4132 9185 4637 9312 7206 3325 3776 2449 4920 4484 752 9667 426 8024 7850 5273
30 4967 5326 7397 3694 9454 9773 8012 9892 8322 9153 4489 3194 3174 7620 9800 713 2206 7218 7578 4837 3789 6194 4462 7857 1790 2731 7856 9388 9607 5921
28 6613 280 3258 8120 4249 1923 1689 2674 7202 4638 7352 5488 9043 4199 4230 2462 8333 5415 3372 6937 9840 1628 2991 4138 1820 1255 8216 9154
28 6042 7006 3460 3781 7575 6481 1996 311 3156 1082 7925 1589 9303 6291 2982 9852 5242 3276 463 8048 2471 7659 6569 2248 427 9452 6264 8670
29 3491 9764 1712 9459 2479 5949 9540 2242 8076 8042 7291 7466 6813 239 8925 8338 6380 7155 5631 2592 1296 410 2421 5445 737 9563 5280 1946 4576
29 8544 377 2241 5942 8282 3845 1760 1344 190 8486 8794 7039 9809 3685 8915 3401 9617 5484 2113 7093 7634 4154 708 9819 978 9947 3985 1484 9343
28 1813 4805 9568 3350 8471 5714 6437 1306 431 2509 4127 2705 3368 8109 6540 2108 5884 6443 2580 2543 3200 2905 6293 7411 940 9003 5365 6511
28 3873 8121 8952 4957 2343 6794 5188 2232 3715 6015 7950 2826 6612 4098 8621 4146 5248 5640 2596 5111 2347 9486 6659 2214 891 7319 7270 2994
28 7136 3288 552 1590 4400 6211 8375 5587 5159 6824 5578 7377 6178 603 3063 5775 7737 7231 9611 5087 8361 29 8965 2812 6415 5161 7322 4539
28 526 9031 1531 9930 4186 4001 5022 9183 530 2538 7503 1630 8337 9845 7058 4280 1886 8480 6678 97 4216 885 1447 1995 6916 8682 9645 2623
28 577 1359 4507 170 2914 8266 8958 6747 5369 2280 4519 5661 7308 4743 2369 5565 2445 1640 1591 2742 8173 7600 1686 1800 3041 145 2957 7341
28 1808 8394 7173 9606 2051 7621 8609 6212 6473 2320 5592 1585 6082 7696 1706 7564 3043 7410 8379 2458 4102 5025 9948 4369 8782 448 870 447
28 7653 3452 5865 9785 3009 7176 1592 8001 9327 1680 6672 1742 3629 2730 5786 3599 8519 8396 483 6525 2240 5011 7019 4646 1881 6755 7854 2980
28 7643 7297 8934 8717 5585 6966 3114 3420 6236 2955 9368 2656 1796 7623 8787 5662 297 7425 8800 4285 5576 8127 4907 634 3406 2273 8167 5723
29 1717 7566 4807 7219 906 2358 132 7866 9324 5355 1189 3825 6849 6719 6026 3463 8529 5573 2420 3466 9137 9132 8010 3478 7713 2703 3522 6235 9527
28 3875 4494 457 3099 5968 4587 1203 3170 425 5763 8224 7863 1371 7150 1853 214 7836 5422 4653 7507 6070 8065 1857 7683 9148 9987 1739 202
28 6885 3860 328 1205 9636 629 81 5138 6538 4229 6185 1493 1919 7118 9256 9877 5627 8321 7732 9396 1755 2934 6702 5629 6533 9164 7593 1990
29 5014 4447 656 9042 1053 605 9909 7896 6562 1219 6697 1723 1920 4601 157 1664 449 5081 4404 3714 4206 9373 4569 6911 4042 4479 7029 8548 1868
28 3387 2550 4994 598 4200 2221 43 1821 219 7472 4844 9497 8938 3377 8475 3662 1013 1652 847 2361 9086 2284 5017 5864 47 9580 9873 7207
29 9159 9360 9104 7894 3620 785 6779 1340 3430 6795 7761 1395 5852 7740 965 6453 1169 4654 7127 9230 7548 3526 1328 1685 5386 3207 5489 2956 7796
29 9413 688 1956 5815 7367 7667 704 9439 1253 7703 5547 8943 9855 924 5015 8124 3343 211 5617 3255 4781 5933 9306 1633 4531 9863 7553 5418 8311
28 295 994 1285 7253 6516 4817 6221 1299 7869 4691 9281 301 865 5840 844 5299 2224 2047 7433 4846 6067 1982 2025 7289 6136 852 5481 4594
30 42 405 7011 4480 5658 9678 5348 7379 4758 7671 5530 7387 5018 5080 1936 5006 3677 2432 7273 1625 9512 6831 142 4362 809 6717 6377 5736 8265 9895
28 8220 5535 8740 8003 4710 4983 4795 209 7111 7835 83 2370 8352 6892 3180 2658 471 1702 3550 1065 9684 2588 1546 787 3993 287 4965 5666
28 9168 3104 687 2228 3907 5654 4514 7915 8518 6630 7336 2255 1044 4090 475 981 4525 595 3539 3012 3658 217 6593 8032 4995 4590 6955 2630
28 6423 9740 7031 4769 3582 4009 784 2129 2489 3234 1011 6252 3314 2354 5606 6365 6492 398 9144 5630 9926 9225 3910 4584 731 9748 6969 8395
30 175 8545 5973 6003 2965 6767 8257 8679 4589 4432 332 7334 7941 6143 3942 2372 6851 6334 538 6863 7366 4626 423 1297 2065 20 5926 1027 6647 2894
28 9049 1143 281 3932 3992 7679 1542 9078 6162 3865 8358 7706 8507 8371 831 7053 3639 3602 3615 3976 4253 242 1086 1538 7192 3289 6626 8096
27 8995 9887 5197 8118 2506 7485 2018 9753 2562 1089 5311 636 9365 2171 6072 8982 9717 3473 5458 6568 7657 9167 2427 4877 205 6435 8887
28 7418 7642 551 5127 8234 6753 8564 2313 4079 5749 4168 8861 4919 1452 9344 2888 8226 7570 2112 9028 2102 6917 2732 651 6052 3645 5991 4644
29 3249 8364 6151 1100 1600 6255 473 1932 252 7765 360 5480 2276 6721 7276 4373 7159 3068 9706 1884 5620 8102 6583 9886 1404 4561 9829 8631 7649
29 9014 1925 4170 8625 5263 5724 610 8897 243 4641 3262 4882 5830 7532 5220 4258 5040 8900 2272 864 1605 4427 1318 7595 3547 4913 3218 2804 3810
28 4768 9157 6888 3659 6445 2137 8957 3486 5176 465 991 6582 2606 7104 2882 6530 904 2227 2022 3342 6259 9610 7897 9277 5805 7089 4962 2791
29 8424 2765 9695 1860 5207 5251 5478 8532 7163 6515 1688 5963 5428 3759 57 274 7750 6288 8300 672 6880 137 2336 7505 7970 3168 788 1367 7456
29 9435 275 8073 5387 8530 2166 6500 9571 1882 789 1074 9127 4284 109 7077 4761 8283 7912 4865 4911 8795 1775 6852 4265 4959 1981 2848 5216 7907
29 2851 4260 2793 8797 9884 8765 792 3854 8235 2415 4163 3603 8769 3303 5132 9712 1606 8158 7848 2639 7403 9775 1501 5981 4222 7386 624 7654 6246
28 102 8896 6857 16 82 9241 7239 4487 7931 7419 4281 5694 1459 4045 7882 4113 9659 2128 9875 5676 8748 9569 6317 344 5747 9358 503 9212
29 78 1846 9075 2459 5910 4739 9504 4358 3100 1032 9760 2643 5894 2973 3477 7307 8370 9405 326 9614 6372 4558 5785 4999 5812 9099 1369 5779 1651
29 4078 90 3937 6871 5333 9761 343 184 9186 1427 878 5124 567 6182 3889 5519 3418 1781 4787 774 8930 7293 3572 732 1287 6495 8236 6810 3143
29 9888 2847 1704 3698 432 3283 2429 1322 9848 9231 2802 3191 529 1102 6772 982 7514 5628 9017 1043 8340 5141 2856 857 6408 480 8105 7066 5674
29 306 7047 1339 9304 1554 9322 5796 6395 7316 2919 6800 7824 2699 3543 5265 7725 5746 9419 4534 5708 7646 1384 1155 783 9342 7770 4735 4268 8816
27 4935 8383 68 9804 3707 5542 4703 5457 9994 9254 2260 7554 5219 9002 7924 2130 887 2453 3788 6118 8508 1183 1978 5196 9113 7926 4037
30 7584 2607 3972 1148 3524 7845 4903 7988 2541 2832 893 4921 4565 1490 6253 585 7779 6884 2886 4359 2023 1078 2655 8556 2559 1765 1022 2670 2952 5517
29 4114 4501 9037 6655 1049 8549 6049 4969 4874 5293 5059 1557 140 3011 1482 9595 4125 8702 4572 3600 6662 9879 5120 4416 2510 4352 4714 2582 3399
28 2209 2698 3681 6493 653 3267 9238 5376 3185 5976 2068 1908 9179 7612 5767 3137 9560 5464 1624 5754 7920 8014 2978 6339 7280 7726 6189 8964
29 7426 2198 4122 1862 1422 7177 5610 9565 5512 2175 9093 8089 778 3095 3568 2151 1391 1351 8186 591 4668 9062 3023 7228 1682 6783 1105 4775 233
28 1141 7179 5555 5632 2815 8418 7538 3480 8262 4241 7122 4266 8752 8279 9729 8276 2447 3754 2974 6803 1388 1989 7754 9082 6181 7435 7697 3876
28 3042 1191 7380 850 5520 768 3300 6971 9308 2909 7082 1747 5817 6375 7033 9630 3552 8571 6140 3736 5363 9680 6887 44 8376 5948 1350 7348
28 4189 1125 6294 3867 1776 1283 4221 4251 1121 7670 8245 1389 4599 9367 1171 7196 2309 6083 8869 2081 1381 8789 9523 8708 8658 2380 6061 9478
27 4052 7639 7251 5751 9397 9874 9121 674 9949 1980 4941 3490 5411 9448 3753 3129 4946 1265 6682 5893 9715 7987 9978 4688 5285 2829 4605
29 934 9443 554 1983 2570 2395 232 3090 3195 5935 6364 4945 4873 2314 9672 1517 7758 64 6476 6957 5866 366 6986 374 9633 4346 6776 4708 411
28 8946 8948 2005 2736 1390 9391 4298 1420 1081 3336 9908 5347 986 1553 5202 8129 7437 8171 5977 1335 1814 9496 932 894 2819 2737 7424 8114
28 6229 5097 1746 4650 9120 6912 1198 8478 5401 2071 6210 2913 9739 8015 210 8031 8139 5393 6789 1992 7137 6455 8188 5538 547 2616 7474 977
28 4466 9662 5966 1614 8162 7381 319 1541 5969 1259 1419 7267 1948 5450 1451 7681 3740 8313 4357 5099 725 3469 1974 3111 2537 8272 7123 2528
29 3423 9718 9202 9632 5400 4192 8754 5010 720 1971 7243 6552 6386 3382 2970 5737 2419 2229 2941 742 6605 5328 8451 4908 1947 7478 8585 6038 4915
29 9189 8339 8481 2396 3671 2439 1368 2142 5568 2030 997 237 339 7099 815 1047 3085 599 9429 3282 4234 9259 2392 2197 566 65 1607 845 3952
29 3153 4066 1186 6032 952 1787 3272 2247 9854 2646 3986 4582 9618 9824 7831 4335 5541 5989 6527 3485 6095 3689 3577 7052 2422 5593 2143 5851 4659
28 6392 9727 810 3476 6563 5360 8790 6419 1326 4647 6590 8536 7001 6591 3344 7898 884 9162 1101 5321 9479 9364 4681 1626 9535 7631 4767 9307
29 207 6001 1113 8733 1220 4304 9407 2331 7693 363 9970 7423 8691 2404 7146 2949 2292 8082 2045 1230 4007 1362 6926 1112 5402 7050 8986 5042 2497
28 1769 2766 7871 3598 9095 1604 1593 7675 4521 2552 8573 7958 2092 1621 3723 1456 1495 9156 1426 8524 9333 4449 6631 4196 5032 6821 9847 4331
29 2805 1387 2152 350 9076 6520 8500 6994 9990 8974 2078 2122 5441 4423 8254 2278 3971 6387 2602 3761 9275 7562 9450 9924 8846 4895 8784 2157 592
28 1048 6980 3027 5349 1758 515 6105 3587 6328 9317 3743 2647 92 5909 693 5622 9674 7476 9783 104 8280 5221 9221 3930 5398 7852 764 9837
28 4960 8961 1330 8745 4910 2394 6427 1258 6553 9737 8617 1206 6213 6337 9796 8295 1161 478 2662 4928 155 8635 18 455 6013 3148 4516 8805
28 5919 6557 9366 4458 7151 3122 8320 9898 3802 3774 3797 2897 5108 1294 9390 9050 3204 9174 8056 1180 458 8408 4319 8520 1509 2904 5021 9481
28 152 8504 4944 1278 4152 6280 5433 8828 5074 3313 6287 8558 3464 4633 1457 1511 9471 2754 4853 6894 1251 5992 459 7868 3859 3663 6157 9255
29 6950 1942 8399 7698 4926 443 2840 6902 6436 4483 5297 3146 1405 6941 1914 1866 2889 1654 6120 6020 6934 3358 3154 3510 5725 677 5432 362 8694
29 8097 773 1842 4239 7976 7436 6634 4089 8642 3545 4153 2124 3622 8814 3747 4080 4843 5098 3621 5697 4198 770 1031 5158 3938 31 5859 4526 4977
28 1572 7337 4765 2715 6973 5896 3091 7393 2961 6872 6705 6976 225 3034 8578 6977 5825 7003 3666 5979 4445 5792 3066 7332 6305 7861 1665 4964
28 4071 2090 8850 7191 627 949 164 9310 5434 5856 8889 4212 3926 580 9716 2753 6617 9534 9597 6383 3413 6694 9977 6324 3710 8228 3872 2406
29 1587 5388 9747 6092 9190 6016 7375 6817 6300 3648 5597 7108 3356 1483 2683 234 1567 8319 744 3263 935 767 712 5039 4407 2712 7729 4254 8009
29 5057 3247 6959 5553 9384 4165 9831 9585 6215 9531 257 9482 5281 8345 8149 3692 4814 8461 840 7373 2172 5364 1506 6289 859 5937 5609 3826 2783
28 13 3025 8710 7922 5826 9629 971 9622 5253 1304 4040 4047 7785 1144 8007 9707 3616 3535 6760 1619 7685 4029 7895 3559 4798 172 8941 6806
29 6424 5837 2890 6928 8699 3680 1229 3858 6750 4929 161 8350 855 539 4167 9047 2411 6759 6087 7160 7254 9605 10 1454 196 2345 6332 4771 2107
30 6808 4662 7115 1410 1080 7249 2468 134 1127 6277 9720 9993 7429 3449 3646 3896 9507 4164 5038 6736 6870 3874 7389 2437 640 9517 1601 7839 277 9604
28 8849 8183 8166 130 3291 289 9356 7227 437 7651 6033 8976 916 6044 604 112 5614 7879 1748 7940 1663 4463 5599 1728 6447 3101 8268 1177
28 7937 4796 915 3201 9967 7721 5857 4692 689 2457 3110 5699 7459 7043 5067 1122 5187 2806 8016 6043 7945 9550 828 1347 2094 3421 5029 7820
29 6197 2864 3471 4896 3702 2218 6658 8022 4545 8588 833 8505 7370 3771 9217 4332 3073 3013 9509 2259 4464 8059 6679 7360 856 641 5667 8412 7260
27 4974 3775 8781 6459 837 4788 1160 4465 4370 373 4019 7560 3981 2546 3458 52 5212 4595 2871 5656 1202 6239 1375 3196 6311 2371 6865
28 9111 9288 8415 5115 7442 5945 147 7751 200 5045 6893 2184 6010 6716 30 7558 7236 536 3433 6132 9265 506 5300 9074 7508 103 2099 7187
28 1574 2086 4773 2305 4715 3266 4942 3151 7592 6296 5314 4591 115 143 9091 5409 3837 2792 1684 8 3933 9603 5657 1470 5466 8959 1851 9969
28 660 2583 8027 273 1448 2677 91 6274 5146 6666 4544 1524 8722 4160 5732 3370 8707 481 631 9746 1534 6723 695 3800 516 9438 8879 960
29 7576 3628 7329 4824 6815 7185 8968 6218 4588 5490 9545 3310 6187 5504 7238 7795 5567 5672 4826 6285 707 5715 9301 2328 486 7741 4422 6732 6065
29 3590 9136 4503 8547 404 7957 2154 6057 9415 4900 3835 1166 3839 8094 2204 5443 5648 5154 3728 8403 5858 8676 9849 6053 517 3451 371 7315 6090
29 4141 436 1807 1772 9772 8992 8285 5163 1028 2595 6820 5279 8844 1544 6399 2549 4328 3805 2521 4861 1394 8729 1372 3424 9353 8830 578 1690 2084
29 4764 839 7394 4436 6677 738 5925 1174 5802 4888 6574 6693 5847 2576 1530 9823 5806 2173 4399 9566 8181 3087 4485 7306 105 2523 8978 9860 3708
29 9714 1512 9441 6155 6790 2126 8178 8488 2403 8040 6609 4988 3127 6129 5800 3389 8975 1346 1216 6247 1008 269 9608 6 4337 9347 9731 3159 8799
28 7883 9447 1491 8778 6177 2873 3033 975 2983 5700 5603 6224 3121 3812 9060 6611 7221 247 7762 9125 6126 3521 8811 235 2776 8640 2007 2451
28 5465 352 1751 8890 9754 9549 8050 2738 1759 1020 6225 9964 8666 231 270 4027 6400 8537 3445 6700 160 5180 3998 3354 4197 3366 7165 3082
28 9321 4922 1556 874 1059 1575 1412 174 266 2558 3402 1915 3488 4713 5947 1598 6621 4541 7495 6219 2773 9205 8243 3614 41 4257 825 5638
29 7633 3496 5206 7724 5999 7430 703 1440 4385 3675 9420 3035 5442 7846 5808 48 4845 9999 6045 7963 7874 921 9972 7048 7517 3734 8743 1653 7887
28 602 23 7475 3855 9627 6580 5353 380 468 5514 3606 8659 3136 9008 3495 7700 8758 5385 9316 4778 8091 9449 5305 3045 6503 5543 2781 9558
28 7914 3076 330 7982 1197 1659 1674 6309 793 8603 2373 1069 6368 4074 2739 96 2564 4706 4894 6984 5607 2503 2302 3237 6203 1295 7194 6804
29 9371 5467 8592 4717 8936 4082 1854 435 2233 3212 8668 1168 2382 6192 7344 5842 4378 263 4085 5463 4972 7497 5710 7967 5660 8100 2544 4540 7049
29 8346 6578 6864 9129 1985 3731 8442 8553 739 9634 5440 8437 5162 2500 8135 2387 3820 6487 6900 3365 786 1646 6541 714 8117 390 6524 5007 6614
27 4065 3169 5529 8438 1210 589 6643 9939 8004 3229 881 5106 1280 3700 8422 6119 1403 1910 549 9234 8923 7055 4510 8146 8195 2850 1185
28 962 1130 8492 477 3177 4393 2782 6361 5168 4363 5413 6927 2720 189 838 9290 5594 834 1656 4886 827 1019 9335 1834 2571 769 4881 7215
28 4753 8406 8080 3322 2323 4530 6099 3243 4413 4579 7195 8616 2004 8807 917 4955 716 500 6064 1026 1041 6774 7601 1958 4981 2400 2213 849
29 4322 6897 5528 3560 6351 171 4323 6389 4025 619 4140 6997 1933 4583 1856 2185 7499 4310 5498 2460 4663 6536 7687 6103 121 4532 5317 9782 1921
28 8099 8653 3575 1700 4716 7203 5323 9182 5301 3989 7776 911 8686 5122 1068 1927 6905 7023 1084 3843 3725 9374 5101 8994 9320 3138 3403 8909
28 7148 5939 9756 2042 5940 3118 9961 7840 4193 5879 3280 7068 8604 5306 7557 5268 3567 3884 4842 9237 5623 5250 9508 8747 8110 1010 2431 3048
28 3363 4397 9743 9891 8204 791 4828 5739 4388 9690 868 4344 7157 6996 6706 5730 7500 5340 8839 9009 6834 2579 8433 8555 9705 6397 4502 3375
28 9488 8207 6765 2573 3623 8937 33 9437 5343 3908 4032 2539 5691 213 1054 999 3231 8233 3394 6297 7862 9623 4108 7616 9894 2059 6133 63
28 138 5557 5721 1275 3367 4314 216 6205 8005 2947 3364 7873 2842 1879 533 7763 2290 6689 8331 776 890 1232 2079 6248 5813 8060 6947 1397
27 7427 286 8903 4327 5244 5 6859 800 3167 1290 4021 8231 3807 8329 611 4438 9998 7479 4554 2196 8075 9181 8058 6532 4698 2594 9802
27 9543 7487 417 1926 338 62 1238 1525 1610 1849 3055 1695 6951 1103 8362 1571 7591 3222 5920 6019 2575 1731 1951 2505 2189 6269 4625
28 5777 7030 2069 8464 3898 3836 8093 499 3777 1671 7727 5404 5200 6060 2671 3897 830 5272 3569 7797 728 4324 8929 4927 638 8225 9330 1508
29 746 3179 4238 9352 9273 1795 740 3997 901 3532 8330 545 2998 1847 9024 1713 5037 5003 9779 9521 7420 8474 5234 8174 9143 4600 1150 7718 4329
27 1577 5967 5545 6407 2201 3847 7878 74 7580 7815 822 3147 7682 1726 3067 5239 4010 7333 4863 1355 4283 372 5996 616 574 7903 98
27 9988 1035 5564 69 1465 8421 2642 6409 8638 5070 2891 8939 7860 7114 6837 3574 588 7357 1729 2180 4173 1900 4008 253 6762 3381 5988
27 570 1038 5917 3746 9974 3346 7117 8812 5277 3637 7000 1320 8639 8650 8780 8200 8843 6526 148 9519 3861 9903 3459 415 1615 8583 6730
28 1965 4303 7402 4279 9150 3186 5125 4452 8627 1545 1435 3982 9280 4420 4855 5827 7438 3088 1803 562 5089 9631 4783 2269 2834 951 9544 5823
28 2265 4236 336 2140 5574 1794 2770 9461 5278 7876 6586 8335 5874 5994 6100 4819 4557 9928 967 1343 317 9433 9291 9576 12 9869 5551 4184
28 1109 8468 5886 6363 663 3851 2918 8673 2477 3481 4201 8967 4825 5073 7363 2475 5880 9487 8608 6333 3509 5088 7128 7647 5559 6513 5562 4300
29 8057 6770 6754 8327 8439 5126 3541 4745 2179 6084 8391 8159 2495 6665 8675 6448 7778 8310 8495 3245 3768 4772 5932 5016 9208 6673 119 4712 2423
28 5500 6687 4068 2252 5713 4553 9456 5296 8182 5659 648 8734 5024 7005 6670 4727 7889 2307 8054 3900 7303 3022 2285 2667 843 451 4923 2504
28 7662 626 854 9385 3764 15 8201 9762 1797 3362 7345 1436 4294 1963 9668 4656 4738 3852 1970 1284 2621 7445 8045 2257 6972 1550 9841 7690
28 2417 1247 7581 1398 5705 6551 8920 4630 1083 3794 1023 7949 1223 4317 8051 56 4752 1823 6987 8030 7204 9950 9065 6356 5650 6271 4111 6202
29 2378 9498 2855 4909 6410 8072 1131 2745 5760 9733 413 560 8892 6780 1721 7233 1783 7630 3193 100 6270 2605 9472 8169 9032 2709 4954 5513 5033
29 2672 2297 4088 3919 2186 1264 970 4621 1730 1883 1643 686 609 3269 6433 3301 3895 1240 1291 3428 3564 6477 821 7074 6201 9579 1270 8360 3634
27 3123 811 736 6284 4408 8176 2531 4083 1307 9842 6651 6948 8066 2220 4488 6078 4118 7447 6193 9319 4537 4267 5337 5275 491 5717 4821
28 1386 3505 2557 8130 5308 2801 2644 1433 2843 5397 3315 334 3584 8137 2348 9598 5295 9709 8230 122 5961 8485 5665 6745 2448 4793 3530 8385
29 7324 3665 227 5997 2239 7773 2622 996 4341 1317 8499 1754 8665 7509 914 2287 7626 440 268 5362 3617 6158 4409 2177 6366 3760 8928 4685 7917
28 5062 159 8026 7481 3139 6485 7691 9172 7046 1431 38 4316 6646 2560 9666 2821 3891 8563 6381 5414 3221 1500 7717 2938 6988 7764 3334 519
28 4077 8568 1924 2384 5117 408 5079 2158 2318 8655 2590 8144 3686 2428 4365 2466 583 1710 508 3792 7302 2074 632 2626 1943 4552 3769 2480
28 4804 6668 6265 2876 2135 9721 6703 5396 3018 472 6171 8413 3849 4578 7199 733 222 9070 7632 4899 9843 9305 6909 8823 8081 2487 6217 9556
29 4852 7539 4660 9286 5082 2057 9235 4724 925 1683 8808 2887 2121 9455 4277 1488 6758 1931 9473 7051 5743 8531 8160 4593 8002 9828 4643 2267 7502
27 666 7343 6819 8906 2036 1639 2136 6186 1242 7037 7213 2416 9389 1552 8860 386 2133 4016 9105 1475 1912 8510 3214 2749 7938 2810 7264
28 4398 2202 6778 3126 5086 5867 93 6978 3678 7847 9979 4696 4749 1145 8355 6991 461 6417 8138 8473 3032 963 441 3661 439 3349 9555 3517
29 1641 1425 4996 8049 4834 4104 2096 3984 2303 9889 7032 8801 2977 922 2837 5731 4244 9528 4086 9171 9493 8951 3542 7644 7463 3668 3956 8898 6491
29 654 1312 5740 1809 2013 908 5863 3489 9425 7664 2547 3817 5905 6272 1358 9424 379 299 3408 6528 3738 2461 6101 5624 6907 621 6028 7921 3554
29 3511 8447 2604 460 5423 6766 456 9380 1609 7955 4782 2397 5118 8142 1636 9794 955 1584 9896 348 8735 9210 5765 8802 5985 3457 2807 8683 4171
28 445 2496 4751 6509 9816 3332 1009 484 2542 4334 3670 4100 8332 1838 4414 6384 650 7832 6949 5745 4849 8853 113 2721 8981 6881 6639 6413
28 3236 3929 7496 7969 7579 919 5368 1342 420 135 569 5791 5579 9261 7844 2581 9683 6343 9749 3395 1703 7905 3163 9253 1316 1288 6960 2719
27 3815 4989 4808 4006 6237 1681 6622 3871 9457 3683 8013 1215 9300 8842 6338 6653 8720 5060 8496 1696 6370 8772 8527 5110 6074 9650 537
28 8551 7704 1021 8624 2841 4567 7065 8377 8904 1423 3277 2020 9434 2759 6904 1616 7881 1523 9846 7716 9114 5358 6751 4020 8244 5618 9995 1793
28 6603 698 9470 1675 8751 1293 5435 2021 7045 1694 1799 7877 8446 6208 8597 633 756 2723 7098 1945 8738 5184 4608 9710 3652 8092 212 6091
29 5798 5049 1192 9130 6313 2167 1004 2433 5757 871 8215 4375 8435 7973 7859 369 1673 4704 8827 6314 28 4744 114 2434 4297 2501 3931 4963 7652
29 9925 8128 3630 9933 2860 4005 7087 7347 4185 2989 8894 3407 4379 710 1401 9355 5790 3004 5246 5431 6004 5762 3165 4979 6688 2567 7900 561 9827
28 5046 6152 6046 3373 1016 2138 5916 8256 3215 3565 199 4002 954 382 8223 1469 8133 4868 8674 3097 8881 1586 2109 2990 5870 6161 4256 3107
29 2182 5245 5881 2141 3411 4302 679 3803 3158 4095 1708 2188 6206 6406 1461 6438 7834 7189 3244 1116 1157 5995 3947 5728 9759 9778 3072 1001 5208
28 9282 4433 6623 1745 1462 3537 9864 6615 5822 7450 84 8899 8775 4417 9453 2034 5755 1213 6505 9269 7686 7567 4468 4746 8516 9916 2456 8314
28 9215 3482 9506 6150 571 4495 964 2310 550 2230 9839 258 2019 628 6175 7378 4555 3432 8113 5891 7434 8157 312 8777 7791 6303 5002 8696
28 1472 6319 5213 2469 2906 4718 8924 0 6944 3176 9067 9332 4376 4986 4128 7013 1050 2492 9511 4711 9298 2190 4336 3098 1119 7804 5178 9770
29 7828 846 6992 7060 9033 7715 7061 3558 9851 7661 7536 642 5497 8384 4157 2283 9066 3184 9530 2127 4528 4729 607 8955 2093 9774 4586 6656 6172
28 3145 4474 7689 9378 2966 7865 3335 8581 7078 2654 9500 9664 3798 4343 9177 2872 4838 6649 244 7506 7565 6080 3224 1786 1939 3226 5361 819
27 6845 8152 8431 8829 3050 397 9055 9350 7916 6708 9173 4914 3246 6836 6624 9214 4645 6939 5853 7372 469 9602 8084 8247 5685 4940 6625
28 6669 1896 5476 3259 8584 6727 2238 9084 576 6989 1444 228 3317 5972 2527 4232 1156 6853 8525 7814 3691 11 9572 79 5491 1211 5473 6627
29 993 7216 8286 3682 5151 2101 6990 888 8723 4679 1228 3846 4985 2056 6450 6841 2740 6946 7943 2827 3093 1699 8104 9022 3239 6041 4548 869 85
28 9155 7720 2418 3462 4144 8681 1243 3647 4931 4726 5412 4906 1952 178 8550 7888 6628 4261 6691 2816 7092 9061 4038 1254 5633 3962 5635 711
29 2993 9243 5908 4217 9751 5726 4307 5875 3711 9126 2725 9703 4430 7663 8378 7615 8614 1973 759 1757 9663 2377 2824 3729 9934 7951 2985 9882 6588
27 3256 9850 5965 1863 3380 1612 4231 7338 8840 7135 7071 8189 683 7112 700 494 414 7563 7550 5788 146 880 1337 8803 8953 7997 3870
28 4473 5336 7183 6756 2049 5224 9599 3182 6535 6472 4431 6238 2877 8334 639 6968 4059 3125 6195 5194 7057 9331 4155 5615 6867 321 7805 4275
29 671 9826 7014 7351 5460 5307 8494 8911 2937 6860 8147 3515 2066 3010 305 3657 5642 8847 2246 4405 2277 765 2529 3996 4320 6506 1079 7978 1363
29 2636 8590 450 9039 5598 9462 7412 7541 4190 597 3330 8222 4092 1642 2845 6166 4623 9551 8671 4513 1984 8357 3627 464 652 4274 6320 5410 2103
27 4661 3181 8565 9811 7790 5706 771 3465 5821 2243 4533 4612 6908 8140 6451 8972 324 9726 3751 1722 8998 8763 2046 8979 2357 9018 5320
29 9340 5944 3051 1835 2930 9147 7349 3427 6740 7062 452 5291 55 6484 8560 2326 8960 5899 8271 4987 4208 1514 8388 2896 1181 4762 1184 1212 4901
28 395 7096 34 5516 9752 167 4015 8263 7597 1256 6191 2780 1870 2893 8732 9276 1033 1190 9532 151 8428 7619 5702 9285 5471 1916 4235 6216
27 6190 2785 8566 7650 2775 1487 3513 8641 7330 2522 7188 5869 729 7310 3409 3376 5554 9239 8452 5264 7224 3135 218 6921 9463 7362 6164
28 8407 5241 8513 9408 5448 8526 939 4953 9870 1872 4732 8145 9769 3054 4148 903 6962 7141 8161 7255 1843 6465 2360 3015 8987 5844 6650 2681
29 2823 6597 6093 9019 7416 1217 590 8718 22 5425 6531 9689 9116 3923 4371 5943 6170 8034 307 8208 201 8275 9657 6335 262 6012 9573 8180 4361
27 4616 3856 1014 1175 375 7149 7441 5439 1007 718 2178 8605 406 4368 8990 5394 3253 7964 4725 6031 293 1443 1716 1396 9398 1875 1627
28 7995 8983 5794 6983 7769 7488 956 9675 1370 525 9910 5701 2465 2645 1063 4934 381 285 8997 8767 7819 3673 8739 2964 6784 9422 8062 7908
28 1753 8432 4318 8261 7723 8368 3644 141 5900 7614 7802 7432 9158 6945 5346 131 8029 7975 3945 3915 1077 2317 5381 6141 1762 8916 4556 2587
28 7822 2803 1067 5310 6113 5797 4486 8264 4831 7190 3286 1618 5854 3220 984 6323 3571 2702 5335 2035 9744 8326 7714 8522 9041 2119 1345 2494
27 558 6671 1816 2769 1178 9915 3019 6295 4457 6711 2011 5289 249 32 5477 14 4094 646 2650 3935 6391 5649 5232 730 5918 3062 9192
29 4760 8440 7421 3264 7528 4639 3741 1657 8700 3166 4504 5405 1972 7298 920 6607 1858 912 5468 1561 9574 1782 8647 8203 7396 6068 5591 4063 4131
29 6638 766 6664 4 2085 6379 8831 3299 4247 1207 1861 7076 6581 4546 9334 7044 3213 3928 3378 7070 7446 7913 1331 8985 4105 7107 3083 5897 7756
29 8315 4392 9492 8841 5258 6822 8410 4395 383 3785 1233 7771 2076 6429 7588 1409 4815 2425 2319 4786 7504 5004 6420 7486 5294 1115 2902 3829 9741
29 2652 523 8851 7230 7625 6292 6007 4387 9853 4158 2097 2052 2148 9135 1308 6220 6146 7292 8156 246 5165 6109 4176 8685 4666 3601 8270 6663 3767
28 3902 5613 271 896 4476 2279 690 4672 2846 2835 1564 5249 387 1418 3271 5758 2216 4162 4133 9226 3230 1481 8902 4631 2275 4237 4345 7774
27 9742 6347 3501 6961 5005 3755 1750 1735 5769 323 3863 3563 2859 1761 1504 1221 8773 2488 5636 9026 6855 699 197 9112 7223 9161 7886
27 9211 1364 5156 1560 2144 1042 8737 36 6675 3105 8859 3134 2235 7702 95 3641 6877 4860 8703 3787 6903 823 8535 2627 9765 5257 3021
28 9872 6785 702 9559 357 5318 7464 7768 4575 8289 3791 1292 5198 1774 7102 4737 8217 755 5572 4606 3206 7301 4326 2398 573 2306 4135 5392
28 3233 1893 4169 5895 8820 5210 8569 4134 1897 6268 9526 76 9250 2761 4276 8190 6807 5236 1058 8380 3523 543 808 2962 6704 2067 8387 5065
28 8595 8205 5938 6234 879 221 1865 1411 409 8877 3058 1214 428 3028 5114 1876 1225 8684 1201 2733 6805 6848 2694 9524 9679 2881 836 5644
28 8724 1691 1909 3295 3412 8006 6286 1777 8483 4822 3553 1244 9501 3941 5577 1828 985 6958 3967 8664 9399 1669 9124 7991 166 4354 1791 5453
28 601 3551 5077 2526 7383 555 1245 7927 1555 8325 3494 6456 2390 6749 3786 3961 1088 1231 8868 8656 3924 8287 3838 1594 4412 4890 9015 7368
28 5552 9538 8143 2003 1380 5744 2591 2797 7680 8944 5647 4869 6018 2682 512 3250 8867 354 5799 3077 2880 3726 5085 8788 5882 2907 3106 6596
29 6891 2795 4067 9073 1260 7952 2673 3830 7483 5012 1226 2153 9833 3974 6414 1114 2727 7585 2402 454 6107 1274 614 2751 7923 617 3202 9838 9418
28 9858 8386 1139 3844 4018 1677 3326 8645 9436 5121 2760 5770 4215 5720 3525 9409 4648 9922 5179 867 4755 50 9881 892 4437 6371 2134 7326
29 8090 1271 8969 6474 6283 6242 930 4273 9044 4736 1668 7400 1034 6298 5581 1535 193 5252 6336 4991 3178 5339 9789 2383 8845 575 3279 6480 3232
29 1466 8835 9940 9175 5182 53 8239 2950 8687 8593 70 4290 2520 2984 7493 6545 8401 302 923 7582 1476 7391 8427 7287 6832 5231 637 6142 1154
28 9284 7918 5462 4607 3716 2106 3281 5105 1519 21 2474 3834 1261 6741 367 1977 2070 6967 4770 7 9369 5873 4741 2211 5256 4353 3444 6575
28 7735 4338 9685 8950 6995 7668 8791 3192 5502 5508 4374 9750 3094 4011 278 1887 6315 5733 3732 7211 9682 8633 5009 8241 5215 5970 6598 694
28 9890 6683 7358 3064 3696 795 6341 117 9267 4272 3506 39 4402 2165 3514 6282 8497 8804 6127 3999 797 6316 8818 7119 6932 3030 126 7492
30 5370 4057 3640 9966 1241 4887 7201 9975 685 4864 8131 1889 8821 9458 4813 1413 8498 4406 8491 3549 8825 3270 5872 8088 9034 7746 8893 6633 8470 9784
28 8267 3911 5129 9836 8701 5052 3040 8349 5183 9548 8562 2262 3730 9763 2237 388 4482 4389 6788 8704 4859 8716 1878 2264 8077 4674 9296 6301
28 1764 548 4802 7109 5020 3881 745 9495 7629 1852 4818 2825 4425 7346 99 2315 6466 2700 9401 3969 139 8126 9661 1580 6327 3653 1697 6017
29 7609 5583 144 2614 4573 7016 9394 6744 7993 1792 7522 644 4992 1314 751 9122 9893 5651 7283 1844 8069 6733 876 4255 7094 3274 1540 1738 697
29 7256 6062 2836 9224 462 9027 8756 5303 9240 7105 7305 2040 6763 2743 895 5971 6861 5810 3737 5602 7749 8209 7465 4790 8779 5711 2911 8774 9404
28 7901 1062 9236 9669 1515 9329 5850 3429 8211 4062 1548 292 3705 522 2060 8764 5001 2270 535 3964 2002 2619 8940 1281 4291 9687 2532 7471
27 2452 612 128 8885 5456 8966 6826 7489 841 5100 7091 6460 832 7919 7656 2951 2200 248 5139 9578 7140 6560 5677 8935 3092 936 1773
28 9328 314 26 2037 2664 7086 8365 8251 2892 3813 5096 741 5332 1661 3963 1383 4893 1941 4719 4429 668 8888 1841 1209 2779 7789 7294 1864
27 5262 1040 6250 4455 9625 7361 6369 926 8476 2629 2502 5974 2967 6895 7200 7733 2333 3638 7959 8809 1570 1811 4367 6360 8891 8514 124
28 5354 3765 2205 6620 4629 8651 6167 7240 4446 7816 7009 858 2551 6692 4756 1117 812 1480 5267 6514 2356 2566 8192 6325 7677 5960 6390 5987
29 8453 6154 49 9984 4195 5144 5201 2409 4799 6276 4204 3392 7596 8482 7948 9673 6204 6724 7225 1379 2641 4024 6548 6619 4411 3607 9444 5204 7010
29 7760 1424 7979 1499 931 1236 4137 5302 8783 8206 5036 3631 7404 6471 1142 6698 5958 5957 8199 1901 6913 8163 5140 1374 2976 127 2123 6974 2367
28 1187 4878 9951 7020 9790 9856 7872 8914 2960 8511 9089 3721 6701 4226 4883 4800 1950 8367 2192 8612 5902 6489 983 4984 8750 5698 4097 7364
28 8561 6425 5113 6936 8063 4286 9242 572 6979 987 5366 1724 2044 909 947 5978 3869 3594 9518 3052 4073 5452 1005 5946 3014 7214 1928 4014
